18.1525
18.1545
18.3566
18.5453
18.6222
18.6231
18.6238
18.6241
18.6243
18.6287
18.6317
18.634
18.6428
18.6452
18.6487
18.658
18.6736
18.6975
18.701
18.7104
18.7137
18.7144
18.7262
18.7264
18.7407
18.7556
18.7688
18.7783
18.7819
18.8567
18.9185
18.9305
18.9818
18.9945
19.0631
19.0996
19.1021
19.1086
19.1362
19.1837
19.2423
19.2698
19.4276
19.5664
19.574
19.5764
19.5778
19.579
19.581
19.5819
19.5895
19.5912
19.6003
19.6069
19.6132
19.6134
19.6379
19.6721
19.6864
19.7621
19.7829
19.9002
19.9139
19.9193
20.0721
20.0783
20.0797
20.0833
20.0963
20.112
20.1278
20.141
20.1532
20.1538
20.2016
20.3075
20.3411
20.4057
20.4818
20.4942
20.5328
20.535
20.5377
20.5421
20.5423
20.5512
20.5529
20.5537
20.6196
20.6334
20.6741
20.6971
20.9959
21.0134
21.0139
21.0161
21.0267
21.0729
21.2478
21.5494
