19.3276
19.484
18.2224
18.1547
19.0149
18.1584
19.1567
19.0535
18.1516
18.683
19.6439
18.1531
18.9533
19.1202
19.1072
18.2659
18.2019
18.1576
18.6893
18.6354
18.27
19.1893
19.1212
18.4663
18.6658
19.1238
18.6923
18.1602
18.6221
19.1622
18.6696
19.1876
19.4519
19.1032
18.7108
18.3772
18.6474
18.2614
18.6331
18.157
18.916
18.1536
18.6274
18.8773
18.166
18.6676
18.3138
18.1567
18.6746
18.2233
18.1702
19.179
18.652
18.1486
18.3171
19.0995
18.8408
19.1883
19.0994
18.6228
19.1047
19.5767
18.6524
18.1566
18.6349
19.1746
18.1547
18.2209
18.1547
18.6256
18.7574
19.5757
18.1747
19.1552
18.1898
18.2494
19.4436
18.1807
18.3562
18.2142
18.6215
19.3569
19.1384
18.1684
18.8848
19.1328
19.117
19.4919
18.1519
18.9794
18.7019
19.6025
18.5515
18.1635
19.6013
18.5578
19.112
18.1493
18.7899
18.1787
