18.6422
19.0976
19.1004
19.103
19.1039
19.1045
19.1099
19.1099
19.112
19.1201
19.1205
19.1251
19.1253
19.1278
19.1341
19.1424
19.2117
19.2158
19.2294
19.5768
19.5868
19.5868
19.5978
19.6012
19.6078
19.6101
19.6107
19.6111
19.6184
19.62
19.625
19.6366
19.6517
19.7443
19.7993
19.8225
19.8334
19.8626
19.91
19.922
19.9405
19.9662
19.9898
20.0137
20.0521
20.054
20.054
20.0545
20.0556
20.0688
20.0739
20.0755
20.0791
20.0826
20.1027
20.1059
20.1076
20.1506
20.1524
20.182
20.1931
20.2206
20.2221
20.2878
20.3511
20.3538
20.3923
20.5291
20.5294
20.5302
20.5313
20.5317
20.5321
20.5349
20.5366
20.537
20.5425
20.543
20.5433
20.5487
20.5566
20.5924
20.6464
20.8636
20.8686
20.8982
20.9226
21.0063
21.0065
21.0072
21.0073
21.0478
21.0827
21.1471
21.3655
21.3701
21.5887
21.6002
21.9616
22.5027
