25.987625
26.941299
26.941299
26.941299
26.941299
26.941299
27.179718
27.894974
27.894974
27.894974
27.894974
27.894974
27.894974
27.894974
27.894974
27.894974
28.133392
28.133392
28.133392
28.133392
28.133392
28.133392
28.133392
28.133392
28.133392
28.133392
28.133392
28.133392
28.848648
28.848648
28.848648
28.848648
28.848648
28.848648
28.848648
29.087067
29.087067
29.087067
29.087067
29.087067
29.087067
29.087067
29.087067
29.087067
29.087067
29.087067
29.087067
29.087067
29.087067
29.087067
29.087067
29.087067
29.087067
29.087067
29.802322
29.802322
29.802322
29.802322
29.802322
29.802322
29.802322
29.802322
29.802322
30.040741
30.040741
30.040741
30.040741
30.040741
30.040741
30.040741
30.040741
30.040741
30.040741
30.040741
30.040741
30.040741
30.040741
30.040741
30.040741
30.040741
30.040741
30.040741
30.040741
30.040741
30.040741
30.040741
30.040741
30.040741
30.040741
30.040741
30.040741
30.040741
30.040741
30.040741
30.040741
30.040741
30.040741
30.040741
30.040741
30.040741
30.040741
30.040741
30.040741
30.040741
30.040741
30.040741
30.040741
30.040741
30.040741
30.040741
30.040741
30.040741
30.040741
30.994415
30.994415
30.994415
30.994415
30.994415
30.994415
30.994415
30.994415
30.994415
30.994415
30.994415
30.994415
30.994415
30.994415
30.994415
30.994415
30.994415
30.994415
30.994415
30.994415
30.994415
30.994415
30.994415
30.994415
30.994415
30.994415
30.994415
30.994415
30.994415
30.994415
30.994415
30.994415
30.994415
30.994415
30.994415
30.994415
30.994415
30.994415
30.994415
30.994415
30.994415
30.994415
30.994415
30.994415
30.994415
30.994415
30.994415
30.994415
30.994415
30.994415
30.994415
30.994415
30.994415
30.994415
30.994415
30.994415
30.994415
30.994415
30.994415
30.994415
30.994415
30.994415
30.994415
30.994415
30.994415
30.994415
30.994415
30.994415
30.994415
30.994415
30.994415
30.994415
30.994415
30.994415
30.994415
31.232834
31.232834
31.948090
31.948090
31.948090
31.948090
31.948090
31.948090
31.948090
31.948090
31.948090
31.948090
31.948090
31.948090
31.948090
31.948090
31.948090
31.948090
31.948090
31.948090
31.948090
31.948090
31.948090
31.948090
31.948090
31.948090
31.948090
31.948090
31.948090
31.948090
31.948090
31.948090
31.948090
31.948090
31.948090
31.948090
31.948090
31.948090
31.948090
31.948090
31.948090
31.948090
31.948090
31.948090
31.948090
31.948090
31.948090
31.948090
31.948090
31.948090
31.948090
31.948090
31.948090
31.948090
31.948090
31.948090
31.948090
31.948090
31.948090
31.948090
31.948090
31.948090
31.948090
31.948090
31.948090
31.948090
31.948090
31.948090
31.948090
31.948090
31.948090
31.948090
31.948090
31.948090
31.948090
31.948090
31.948090
31.948090
31.948090
31.948090
31.948090
31.948090
31.948090
31.948090
31.948090
31.948090
31.948090
31.948090
32.186508
32.186508
32.186508
32.186508
32.186508
32.186508
32.186508
32.186508
32.186508
32.186508
32.186508
32.186508
32.186508
32.186508
32.186508
32.186508
32.186508
32.186508
32.186508
32.186508
32.901764
32.901764
32.901764
32.901764
32.901764
32.901764
32.901764
32.901764
32.901764
32.901764
32.901764
32.901764
32.901764
32.901764
32.901764
32.901764
32.901764
32.901764
32.901764
32.901764
32.901764
32.901764
32.901764
32.901764
32.901764
32.901764
32.901764
32.901764
32.901764
32.901764
32.901764
32.901764
32.901764
32.901764
32.901764
32.901764
32.901764
32.901764
32.901764
32.901764
32.901764
32.901764
32.901764
32.901764
32.901764
32.901764
32.901764
32.901764
32.901764
32.901764
32.901764
32.901764
32.901764
32.901764
32.901764
32.901764
32.901764
32.901764
32.901764
32.901764
32.901764
32.901764
32.901764
32.901764
32.901764
32.901764
32.901764
33.140182
33.140182
33.140182
33.140182
33.140182
33.140182
33.140182
33.140182
33.140182
33.140182
33.140182
33.140182
33.140182
33.140182
33.140182
33.140182
33.140182
33.140182
33.140182
33.140182
33.140182
33.140182
33.140182
33.140182
33.140182
33.140182
33.140182
33.140182
33.140182
33.140182
33.140182
33.140182
33.140182
33.855438
33.855438
33.855438
33.855438
33.855438
33.855438
33.855438
33.855438
33.855438
33.855438
33.855438
33.855438
33.855438
33.855438
33.855438
33.855438
33.855438
33.855438
33.855438
33.855438
33.855438
33.855438
33.855438
33.855438
33.855438
33.855438
33.855438
33.855438
33.855438
33.855438
33.855438
33.855438
33.855438
33.855438
33.855438
33.855438
33.855438
33.855438
33.855438
33.855438
33.855438
33.855438
33.855438
34.093857
34.093857
34.093857
34.093857
34.093857
34.093857
34.093857
34.093857
34.093857
34.093857
34.093857
34.093857
34.093857
34.093857
34.093857
34.093857
34.093857
34.093857
34.093857
34.093857
34.093857
34.093857
34.093857
34.093857
34.093857
34.093857
34.093857
34.093857
34.093857
34.093857
34.093857
34.093857
34.093857
34.093857
34.093857
34.093857
34.093857
34.093857
34.093857
34.093857
34.093857
34.093857
34.093857
34.093857
34.093857
34.093857
34.093857
34.093857
34.093857
34.093857
34.093857
34.093857
34.093857
34.093857
34.093857
34.093857
34.093857
34.093857
34.093857
34.093857
34.093857
34.093857
34.093857
34.809113
34.809113
34.809113
34.809113
34.809113
34.809113
34.809113
34.809113
34.809113
34.809113
34.809113
34.809113
34.809113
34.809113
34.809113
34.809113
34.809113
34.809113
34.809113
34.809113
35.047531
35.047531
35.047531
35.047531
35.047531
35.047531
35.047531
35.047531
35.047531
35.047531
35.047531
35.047531
35.047531
35.047531
35.047531
35.047531
35.047531
35.047531
35.047531
35.047531
35.047531
35.047531
35.047531
35.047531
35.047531
35.047531
35.047531
35.047531
35.047531
35.047531
35.047531
35.047531
35.047531
35.047531
35.047531
35.047531
35.047531
35.047531
35.047531
35.047531
35.047531
35.047531
35.047531
35.047531
35.047531
35.047531
35.047531
35.047531
35.047531
35.047531
35.047531
35.047531
35.047531
35.047531
35.047531
35.047531
35.047531
35.047531
35.047531
35.047531
35.047531
35.047531
35.047531
35.047531
35.047531
35.047531
35.047531
35.047531
35.047531
35.047531
35.047531
36.001205
36.001205
36.001205
36.001205
36.001205
36.001205
36.001205
36.001205
36.001205
36.001205
36.001205
36.001205
36.001205
36.001205
36.001205
36.001205
36.001205
36.001205
36.001205
36.001205
36.001205
36.001205
36.001205
36.001205
36.001205
36.001205
36.001205
36.001205
36.001205
36.001205
36.001205
36.001205
36.001205
36.001205
36.001205
36.001205
36.001205
36.001205
36.001205
36.001205
36.001205
36.001205
36.001205
36.001205
36.001205
36.001205
36.001205
36.001205
36.001205
36.001205
36.001205
36.001205
36.001205
36.001205
36.001205
36.001205
36.001205
36.001205
36.001205
36.001205
36.001205
36.001205
36.001205
36.001205
36.001205
36.001205
36.001205
36.001205
36.001205
36.001205
36.001205
36.001205
36.001205
36.001205
36.001205
36.001205
36.001205
36.001205
36.001205
36.001205
36.001205
36.001205
36.001205
36.001205
36.001205
36.001205
36.001205
36.001205
36.001205
36.001205
36.001205
36.001205
36.001205
36.001205
36.001205
36.001205
36.001205
36.001205
36.001205
36.001205
36.001205
36.001205
36.001205
36.001205
36.001205
36.001205
36.001205
36.001205
36.001205
36.001205
36.001205
36.001205
36.954880
36.954880
36.954880
36.954880
36.954880
36.954880
36.954880
36.954880
36.954880
36.954880
36.954880
36.954880
36.954880
36.954880
36.954880
36.954880
36.954880
36.954880
36.954880
36.954880
36.954880
36.954880
36.954880
36.954880
36.954880
36.954880
36.954880
36.954880
36.954880
36.954880
36.954880
36.954880
36.954880
36.954880
36.954880
36.954880
36.954880
36.954880
36.954880
36.954880
36.954880
36.954880
36.954880
36.954880
36.954880
36.954880
36.954880
36.954880
36.954880
36.954880
36.954880
36.954880
36.954880
36.954880
36.954880
36.954880
36.954880
36.954880
36.954880
36.954880
36.954880
36.954880
36.954880
36.954880
36.954880
36.954880
36.954880
36.954880
36.954880
36.954880
36.954880
36.954880
36.954880
36.954880
36.954880
36.954880
36.954880
36.954880
36.954880
36.954880
36.954880
36.954880
36.954880
36.954880
36.954880
36.954880
36.954880
36.954880
36.954880
36.954880
36.954880
36.954880
36.954880
36.954880
36.954880
37.193298
37.193298
37.193298
37.193298
37.193298
37.193298
37.193298
37.193298
37.193298
37.193298
37.193298
37.193298
37.193298
37.193298
37.193298
37.193298
37.193298
37.193298
37.193298
37.193298
37.193298
37.193298
37.193298
37.193298
37.193298
37.193298
37.193298
37.908554
37.908554
37.908554
37.908554
37.908554
37.908554
37.908554
37.908554
37.908554
37.908554
37.908554
37.908554
37.908554
37.908554
37.908554
37.908554
37.908554
37.908554
37.908554
37.908554
37.908554
37.908554
37.908554
37.908554
37.908554
37.908554
37.908554
37.908554
37.908554
37.908554
37.908554
37.908554
37.908554
37.908554
37.908554
37.908554
37.908554
37.908554
37.908554
37.908554
37.908554
37.908554
37.908554
37.908554
37.908554
37.908554
37.908554
37.908554
37.908554
37.908554
37.908554
37.908554
37.908554
37.908554
37.908554
37.908554
37.908554
37.908554
37.908554
37.908554
37.908554
37.908554
37.908554
37.908554
37.908554
37.908554
37.908554
37.908554
37.908554
37.908554
37.908554
37.908554
37.908554
37.908554
38.146973
38.146973
38.146973
38.146973
38.146973
38.146973
38.146973
38.146973
38.146973
38.146973
38.146973
38.146973
38.146973
38.146973
38.146973
38.146973
38.146973
38.146973
38.146973
38.146973
38.146973
38.146973
38.146973
38.146973
38.146973
38.146973
38.146973
38.146973
38.146973
38.146973
38.146973
38.146973
38.146973
38.146973
38.146973
38.146973
38.146973
38.146973
38.146973
38.146973
38.146973
38.146973
38.146973
38.146973
38.146973
38.146973
38.862228
38.862228
38.862228
38.862228
38.862228
38.862228
38.862228
38.862228
38.862228
38.862228
38.862228
38.862228
38.862228
38.862228
38.862228
38.862228
38.862228
38.862228
38.862228
38.862228
38.862228
38.862228
38.862228
38.862228
38.862228
38.862228
38.862228
38.862228
38.862228
38.862228
38.862228
38.862228
38.862228
38.862228
38.862228
38.862228
38.862228
38.862228
38.862228
38.862228
38.862228
38.862228
38.862228
38.862228
39.100647
39.100647
39.100647
39.100647
39.100647
39.100647
39.100647
39.100647
39.100647
39.100647
39.100647
39.100647
39.100647
39.100647
39.100647
39.100647
39.100647
39.100647
39.100647
39.100647
39.100647
39.100647
39.100647
39.100647
39.100647
39.100647
39.100647
39.100647
39.100647
39.100647
39.100647
39.100647
39.100647
39.100647
39.100647
39.100647
39.100647
39.100647
39.100647
39.100647
39.100647
39.100647
39.100647
39.100647
39.100647
39.100647
39.100647
39.100647
39.100647
39.100647
39.100647
39.100647
39.100647
39.100647
39.100647
39.100647
39.100647
39.100647
39.100647
39.100647
39.100647
39.100647
39.100647
39.100647
39.100647
39.100647
39.100647
39.100647
39.100647
39.100647
39.100647
39.100647
39.100647
39.100647
39.100647
39.100647
39.815903
39.815903
39.815903
39.815903
39.815903
39.815903
39.815903
39.815903
39.815903
39.815903
39.815903
39.815903
39.815903
39.815903
39.815903
39.815903
39.815903
39.815903
39.815903
39.815903
39.815903
39.815903
39.815903
39.815903
39.815903
39.815903
39.815903
39.815903
40.054321
40.054321
40.054321
40.054321
40.054321
40.054321
40.054321
40.054321
40.054321
40.054321
40.054321
40.054321
40.054321
40.054321
40.054321
40.054321
40.054321
40.054321
40.054321
40.054321
40.054321
40.054321
40.054321
40.054321
40.054321
40.054321
40.054321
40.054321
40.054321
40.054321
40.054321
40.054321
40.054321
40.054321
40.054321
40.054321
40.054321
40.054321
40.054321
40.054321
40.054321
40.054321
40.054321
40.054321
40.054321
40.054321
40.054321
40.054321
40.054321
40.054321
40.054321
40.054321
40.054321
40.054321
40.054321
40.054321
40.054321
40.054321
40.054321
40.054321
40.054321
40.054321
40.054321
40.054321
40.054321
40.054321
40.054321
40.054321
40.054321
40.054321
40.054321
40.054321
40.054321
40.054321
40.054321
40.054321
40.054321
40.054321
40.054321
40.054321
40.054321
40.054321
40.054321
40.054321
40.054321
40.054321
40.054321
40.054321
40.054321
40.054321
40.054321
40.054321
40.054321
40.054321
40.054321
40.054321
40.054321
40.054321
40.054321
40.054321
40.054321
40.054321
40.054321
40.054321
40.054321
40.054321
40.054321
40.054321
40.054321
40.054321
40.054321
40.054321
40.054321
40.054321
40.054321
40.054321
40.054321
40.769577
40.769577
40.769577
40.769577
41.007996
41.007996
41.007996
41.007996
41.007996
41.007996
41.007996
41.007996
41.007996
41.007996
41.007996
41.007996
41.007996
41.007996
41.007996
41.007996
41.007996
41.007996
41.007996
41.007996
41.007996
41.007996
41.007996
41.007996
41.007996
41.007996
41.007996
41.007996
41.007996
41.007996
41.007996
41.007996
41.007996
41.007996
41.007996
41.007996
41.007996
41.007996
41.007996
41.007996
41.007996
41.007996
41.007996
41.007996
41.007996
41.007996
41.007996
41.007996
41.007996
41.007996
41.007996
41.007996
41.007996
41.007996
41.007996
41.007996
41.007996
41.007996
41.007996
41.007996
41.007996
41.007996
41.007996
41.007996
41.007996
41.007996
41.007996
41.007996
41.007996
41.007996
41.007996
41.007996
41.007996
41.007996
41.007996
41.007996
41.007996
41.007996
41.007996
41.007996
41.007996
41.007996
41.007996
41.007996
41.007996
41.007996
41.007996
41.007996
41.007996
41.007996
41.007996
41.007996
41.007996
41.007996
41.007996
41.007996
41.007996
41.007996
41.007996
41.007996
41.007996
41.007996
41.007996
41.007996
41.007996
41.007996
41.007996
41.007996
41.007996
41.007996
41.007996
41.007996
41.007996
41.007996
41.007996
41.007996
41.007996
41.007996
41.007996
41.007996
41.007996
41.007996
41.007996
41.007996
41.007996
41.007996
41.007996
41.007996
41.007996
41.007996
41.007996
41.007996
41.007996
41.007996
41.007996
41.007996
41.007996
41.007996
41.007996
41.007996
41.007996
41.007996
41.007996
41.007996
41.007996
41.007996
41.007996
41.961670
41.961670
41.961670
41.961670
41.961670
41.961670
41.961670
41.961670
41.961670
41.961670
41.961670
41.961670
41.961670
41.961670
41.961670
41.961670
41.961670
41.961670
41.961670
41.961670
41.961670
41.961670
41.961670
41.961670
41.961670
41.961670
41.961670
41.961670
41.961670
41.961670
41.961670
41.961670
41.961670
41.961670
41.961670
41.961670
41.961670
41.961670
41.961670
41.961670
41.961670
41.961670
41.961670
41.961670
41.961670
41.961670
41.961670
41.961670
41.961670
41.961670
41.961670
41.961670
41.961670
41.961670
41.961670
41.961670
41.961670
41.961670
41.961670
41.961670
41.961670
41.961670
41.961670
41.961670
41.961670
41.961670
41.961670
41.961670
41.961670
41.961670
41.961670
41.961670
41.961670
41.961670
41.961670
41.961670
41.961670
41.961670
41.961670
41.961670
41.961670
41.961670
41.961670
41.961670
41.961670
41.961670
41.961670
41.961670
41.961670
41.961670
41.961670
41.961670
41.961670
41.961670
41.961670
41.961670
41.961670
41.961670
41.961670
41.961670
41.961670
41.961670
41.961670
41.961670
41.961670
41.961670
41.961670
41.961670
41.961670
41.961670
41.961670
41.961670
41.961670
41.961670
41.961670
41.961670
41.961670
41.961670
41.961670
41.961670
41.961670
41.961670
41.961670
41.961670
41.961670
41.961670
41.961670
41.961670
41.961670
41.961670
41.961670
41.961670
41.961670
41.961670
41.961670
41.961670
41.961670
41.961670
41.961670
41.961670
41.961670
41.961670
41.961670
41.961670
41.961670
41.961670
41.961670
41.961670
41.961670
41.961670
42.200089
42.200089
42.200089
42.200089
42.200089
42.200089
42.200089
42.200089
42.200089
42.200089
42.200089
42.200089
42.200089
42.200089
42.200089
42.200089
42.200089
42.200089
42.200089
42.200089
42.200089
42.200089
42.200089
42.200089
42.200089
42.200089
42.200089
42.200089
42.200089
42.915344
42.915344
42.915344
42.915344
42.915344
42.915344
42.915344
42.915344
42.915344
42.915344
42.915344
42.915344
42.915344
42.915344
42.915344
42.915344
42.915344
42.915344
42.915344
42.915344
42.915344
42.915344
42.915344
42.915344
42.915344
42.915344
42.915344
42.915344
42.915344
42.915344
42.915344
42.915344
42.915344
42.915344
42.915344
42.915344
42.915344
42.915344
42.915344
42.915344
42.915344
42.915344
42.915344
42.915344
42.915344
42.915344
42.915344
42.915344
42.915344
42.915344
42.915344
42.915344
42.915344
42.915344
42.915344
42.915344
42.915344
42.915344
42.915344
42.915344
42.915344
42.915344
42.915344
42.915344
42.915344
42.915344
42.915344
42.915344
42.915344
42.915344
42.915344
42.915344
42.915344
42.915344
42.915344
42.915344
42.915344
42.915344
42.915344
42.915344
42.915344
42.915344
42.915344
42.915344
42.915344
42.915344
42.915344
42.915344
42.915344
42.915344
42.915344
42.915344
42.915344
42.915344
42.915344
42.915344
42.915344
42.915344
42.915344
42.915344
42.915344
42.915344
42.915344
42.915344
42.915344
42.915344
42.915344
42.915344
42.915344
42.915344
42.915344
42.915344
42.915344
42.915344
42.915344
42.915344
42.915344
42.915344
42.915344
42.915344
42.915344
42.915344
42.915344
42.915344
42.915344
42.915344
42.915344
42.915344
42.915344
42.915344
42.915344
42.915344
42.915344
42.915344
42.915344
42.915344
42.915344
43.153763
43.153763
43.153763
43.153763
43.153763
43.153763
43.153763
43.153763
43.153763
43.153763
43.153763
43.153763
43.153763
43.153763
43.153763
43.153763
43.153763
43.153763
43.153763
43.153763
43.153763
43.153763
43.153763
43.153763
43.153763
43.153763
43.153763
43.153763
43.153763
43.153763
43.153763
43.153763
43.153763
43.153763
43.153763
43.153763
43.153763
43.153763
43.153763
43.153763
43.153763
43.153763
43.153763
43.153763
43.153763
43.153763
43.153763
43.153763
43.153763
43.153763
43.153763
43.153763
43.153763
43.153763
43.153763
43.153763
43.153763
43.153763
43.153763
43.153763
43.153763
43.153763
43.153763
43.153763
43.153763
43.153763
43.153763
43.153763
43.153763
43.153763
43.153763
43.153763
43.153763
43.153763
43.153763
43.153763
43.153763
43.153763
43.153763
43.153763
43.153763
43.869019
43.869019
43.869019
43.869019
43.869019
43.869019
43.869019
43.869019
43.869019
43.869019
43.869019
43.869019
43.869019
43.869019
43.869019
43.869019
43.869019
43.869019
43.869019
43.869019
43.869019
43.869019
43.869019
43.869019
43.869019
43.869019
43.869019
43.869019
43.869019
43.869019
43.869019
43.869019
43.869019
43.869019
43.869019
43.869019
43.869019
43.869019
43.869019
43.869019
43.869019
43.869019
43.869019
43.869019
43.869019
43.869019
43.869019
43.869019
43.869019
43.869019
43.869019
43.869019
43.869019
43.869019
43.869019
43.869019
43.869019
43.869019
43.869019
43.869019
43.869019
43.869019
43.869019
43.869019
43.869019
43.869019
43.869019
43.869019
43.869019
43.869019
43.869019
43.869019
43.869019
43.869019
43.869019
43.869019
43.869019
43.869019
43.869019
43.869019
43.869019
43.869019
43.869019
43.869019
43.869019
43.869019
43.869019
43.869019
43.869019
43.869019
43.869019
43.869019
44.107437
44.107437
44.107437
44.107437
44.107437
44.107437
44.107437
44.107437
44.107437
44.107437
44.107437
44.107437
44.107437
44.107437
44.107437
44.107437
44.107437
44.107437
44.107437
44.107437
44.107437
44.107437
44.107437
44.107437
44.107437
44.107437
44.107437
44.107437
44.107437
44.107437
44.107437
44.107437
44.107437
44.107437
44.107437
44.107437
44.107437
44.107437
44.107437
44.107437
44.107437
44.107437
44.107437
44.107437
44.107437
44.107437
44.107437
44.107437
44.107437
44.107437
44.107437
44.107437
44.107437
44.107437
44.107437
44.107437
44.107437
44.107437
44.107437
44.107437
44.107437
44.107437
44.107437
44.107437
44.107437
44.107437
44.107437
44.107437
44.107437
44.107437
44.107437
44.107437
44.107437
44.107437
44.107437
44.107437
44.107437
44.107437
44.107437
44.107437
44.107437
44.107437
44.107437
44.107437
44.107437
44.107437
44.107437
44.107437
44.107437
44.107437
44.107437
44.107437
44.107437
44.107437
44.107437
44.107437
44.107437
44.107437
44.107437
44.107437
44.107437
44.107437
44.107437
44.107437
44.107437
44.107437
44.107437
44.822693
44.822693
44.822693
44.822693
44.822693
44.822693
44.822693
44.822693
44.822693
44.822693
44.822693
44.822693
44.822693
44.822693
44.822693
44.822693
44.822693
44.822693
44.822693
44.822693
44.822693
44.822693
44.822693
44.822693
44.822693
44.822693
44.822693
44.822693
44.822693
44.822693
44.822693
44.822693
44.822693
44.822693
44.822693
44.822693
44.822693
44.822693
44.822693
44.822693
44.822693
44.822693
44.822693
45.061111
45.061111
45.061111
45.061111
45.061111
45.061111
45.061111
45.061111
45.061111
45.061111
45.061111
45.061111
45.061111
45.061111
45.061111
45.061111
45.061111
45.061111
45.061111
45.061111
45.061111
45.061111
45.061111
45.061111
45.061111
45.061111
45.061111
45.061111
45.061111
45.061111
45.061111
45.061111
45.061111
45.061111
45.061111
45.061111
45.061111
45.061111
45.061111
45.061111
45.061111
45.061111
45.061111
45.061111
45.061111
45.061111
45.061111
45.061111
45.061111
45.061111
45.061111
45.061111
45.061111
45.061111
45.061111
45.061111
45.061111
45.061111
45.061111
45.061111
45.061111
45.061111
45.061111
45.061111
45.061111
45.061111
45.061111
45.061111
45.061111
45.061111
45.061111
45.061111
45.061111
45.061111
45.061111
45.061111
45.061111
45.061111
45.061111
45.061111
45.061111
45.061111
45.061111
45.061111
45.061111
45.061111
45.061111
45.061111
45.061111
45.061111
45.061111
45.061111
45.061111
45.061111
45.061111
45.061111
45.061111
45.061111
45.061111
45.061111
45.061111
45.061111
45.061111
45.061111
45.061111
45.061111
45.061111
45.061111
45.061111
45.061111
45.061111
45.061111
45.061111
45.061111
45.061111
45.061111
45.061111
45.061111
45.061111
45.061111
45.061111
45.061111
45.061111
45.061111
45.061111
45.061111
45.061111
45.061111
45.061111
45.061111
45.061111
45.061111
45.061111
45.061111
45.061111
45.061111
45.061111
45.061111
45.061111
45.061111
45.061111
45.061111
45.061111
45.061111
45.061111
45.061111
45.061111
45.061111
45.061111
45.061111
45.061111
45.061111
45.061111
45.061111
45.061111
45.061111
45.061111
45.061111
45.061111
45.061111
45.061111
45.061111
45.061111
45.061111
45.061111
45.061111
45.061111
45.061111
45.061111
45.776367
45.776367
45.776367
45.776367
45.776367
45.776367
45.776367
45.776367
45.776367
45.776367
45.776367
45.776367
45.776367
46.014786
46.014786
46.014786
46.014786
46.014786
46.014786
46.014786
46.014786
46.014786
46.014786
46.014786
46.014786
46.014786
46.014786
46.014786
46.014786
46.014786
46.014786
46.014786
46.014786
46.014786
46.014786
46.014786
46.014786
46.014786
46.014786
46.014786
46.014786
46.014786
46.014786
46.014786
46.014786
46.014786
46.014786
46.014786
46.014786
46.014786
46.014786
46.014786
46.014786
46.014786
46.014786
46.014786
46.014786
46.014786
46.014786
46.014786
46.014786
46.014786
46.014786
46.014786
46.014786
46.014786
46.014786
46.014786
46.014786
46.014786
46.014786
46.014786
46.014786
46.014786
46.014786
46.014786
46.014786
46.014786
46.014786
46.014786
46.014786
46.014786
46.014786
46.014786
46.014786
46.014786
46.014786
46.014786
46.014786
46.014786
46.014786
46.014786
46.014786
46.014786
46.014786
46.014786
46.014786
46.014786
46.014786
46.014786
46.014786
46.014786
46.014786
46.014786
46.014786
46.014786
46.014786
46.014786
46.014786
46.014786
46.014786
46.014786
46.014786
46.014786
46.014786
46.014786
46.014786
46.014786
46.014786
46.014786
46.014786
46.014786
46.014786
46.014786
46.014786
46.014786
46.014786
46.014786
46.014786
46.014786
46.014786
46.014786
46.014786
46.014786
46.014786
46.014786
46.014786
46.014786
46.014786
46.014786
46.014786
46.014786
46.014786
46.014786
46.014786
46.014786
46.014786
46.014786
46.014786
46.014786
46.014786
46.014786
46.014786
46.014786
46.014786
46.014786
46.014786
46.014786
46.014786
46.014786
46.014786
46.014786
46.014786
46.014786
46.014786
46.014786
46.014786
46.014786
46.014786
46.014786
46.014786
46.014786
46.014786
46.014786
46.014786
46.014786
46.014786
46.014786
46.014786
46.014786
46.014786
46.014786
46.014786
46.968460
46.968460
46.968460
46.968460
46.968460
46.968460
46.968460
46.968460
46.968460
46.968460
46.968460
46.968460
46.968460
46.968460
46.968460
46.968460
46.968460
46.968460
46.968460
46.968460
46.968460
46.968460
46.968460
46.968460
46.968460
46.968460
46.968460
46.968460
46.968460
46.968460
46.968460
46.968460
46.968460
46.968460
46.968460
46.968460
46.968460
46.968460
46.968460
46.968460
46.968460
46.968460
46.968460
46.968460
46.968460
46.968460
46.968460
46.968460
46.968460
46.968460
46.968460
46.968460
46.968460
46.968460
46.968460
46.968460
46.968460
46.968460
46.968460
46.968460
46.968460
46.968460
46.968460
46.968460
46.968460
46.968460
46.968460
46.968460
46.968460
46.968460
46.968460
46.968460
46.968460
46.968460
46.968460
46.968460
46.968460
46.968460
46.968460
46.968460
46.968460
46.968460
46.968460
46.968460
46.968460
46.968460
46.968460
46.968460
46.968460
46.968460
46.968460
46.968460
46.968460
46.968460
46.968460
46.968460
46.968460
46.968460
46.968460
46.968460
46.968460
46.968460
46.968460
46.968460
46.968460
46.968460
46.968460
46.968460
46.968460
46.968460
46.968460
46.968460
46.968460
46.968460
46.968460
46.968460
46.968460
46.968460
46.968460
46.968460
46.968460
46.968460
46.968460
46.968460
46.968460
46.968460
46.968460
46.968460
46.968460
46.968460
46.968460
46.968460
46.968460
46.968460
46.968460
46.968460
46.968460
46.968460
46.968460
46.968460
46.968460
46.968460
46.968460
46.968460
46.968460
46.968460
46.968460
46.968460
46.968460
46.968460
46.968460
46.968460
46.968460
46.968460
46.968460
46.968460
46.968460
46.968460
46.968460
46.968460
46.968460
46.968460
46.968460
46.968460
46.968460
47.206879
47.206879
47.206879
47.206879
47.206879
47.206879
47.206879
47.206879
47.206879
47.206879
47.206879
47.206879
47.206879
47.206879
47.206879
47.206879
47.206879
47.206879
47.206879
47.206879
47.206879
47.206879
47.206879
47.206879
47.206879
47.206879
47.206879
47.206879
47.206879
47.206879
47.206879
47.206879
47.206879
47.206879
47.206879
47.206879
47.206879
47.206879
47.206879
47.922134
47.922134
47.922134
47.922134
47.922134
47.922134
47.922134
47.922134
47.922134
47.922134
47.922134
47.922134
47.922134
47.922134
47.922134
47.922134
47.922134
47.922134
47.922134
47.922134
47.922134
47.922134
47.922134
47.922134
47.922134
47.922134
47.922134
47.922134
47.922134
47.922134
47.922134
47.922134
47.922134
47.922134
47.922134
47.922134
47.922134
47.922134
47.922134
47.922134
47.922134
47.922134
47.922134
47.922134
47.922134
47.922134
47.922134
47.922134
47.922134
47.922134
47.922134
47.922134
47.922134
47.922134
47.922134
47.922134
47.922134
47.922134
47.922134
47.922134
47.922134
47.922134
47.922134
47.922134
47.922134
47.922134
47.922134
47.922134
47.922134
47.922134
47.922134
47.922134
47.922134
47.922134
47.922134
47.922134
47.922134
47.922134
47.922134
47.922134
47.922134
47.922134
47.922134
47.922134
47.922134
47.922134
47.922134
47.922134
47.922134
47.922134
47.922134
47.922134
47.922134
47.922134
47.922134
47.922134
47.922134
47.922134
47.922134
47.922134
47.922134
47.922134
47.922134
47.922134
47.922134
47.922134
47.922134
47.922134
47.922134
47.922134
47.922134
47.922134
47.922134
47.922134
47.922134
47.922134
47.922134
47.922134
47.922134
47.922134
47.922134
47.922134
47.922134
47.922134
47.922134
47.922134
47.922134
47.922134
47.922134
47.922134
47.922134
47.922134
47.922134
47.922134
47.922134
47.922134
47.922134
48.160553
48.160553
48.160553
48.160553
48.160553
48.160553
48.160553
48.160553
48.160553
48.160553
48.160553
48.160553
48.160553
48.160553
48.160553
48.160553
48.160553
48.160553
48.160553
48.160553
48.160553
48.160553
48.160553
48.160553
48.160553
48.160553
48.160553
48.160553
48.160553
48.160553
48.160553
48.160553
48.160553
48.160553
48.160553
48.160553
48.160553
48.160553
48.160553
48.160553
48.160553
48.160553
48.160553
48.160553
48.160553
48.160553
48.160553
48.160553
48.160553
48.160553
48.160553
48.160553
48.160553
48.160553
48.160553
48.160553
48.160553
48.160553
48.160553
48.160553
48.160553
48.160553
48.160553
48.160553
48.160553
48.160553
48.875809
48.875809
48.875809
48.875809
48.875809
48.875809
48.875809
48.875809
48.875809
48.875809
48.875809
48.875809
48.875809
48.875809
48.875809
48.875809
48.875809
48.875809
48.875809
48.875809
48.875809
48.875809
48.875809
48.875809
48.875809
48.875809
48.875809
48.875809
48.875809
48.875809
48.875809
48.875809
48.875809
48.875809
48.875809
48.875809
48.875809
48.875809
48.875809
48.875809
48.875809
48.875809
48.875809
48.875809
48.875809
48.875809
48.875809
48.875809
48.875809
48.875809
48.875809
48.875809
48.875809
48.875809
48.875809
48.875809
48.875809
48.875809
48.875809
48.875809
48.875809
48.875809
48.875809
48.875809
48.875809
48.875809
48.875809
48.875809
48.875809
48.875809
48.875809
48.875809
48.875809
48.875809
48.875809
48.875809
48.875809
49.114227
49.114227
49.114227
49.114227
49.114227
49.114227
49.114227
49.114227
49.114227
49.114227
49.114227
49.114227
49.114227
49.114227
49.114227
49.114227
49.114227
49.114227
49.114227
49.114227
49.114227
49.114227
49.114227
49.114227
49.114227
49.114227
49.114227
49.114227
49.114227
49.114227
49.114227
49.114227
49.114227
49.114227
49.114227
49.114227
49.114227
49.114227
49.114227
49.114227
49.114227
49.114227
49.114227
49.114227
49.114227
49.114227
49.114227
49.114227
49.114227
49.114227
49.114227
49.114227
49.114227
49.114227
49.114227
49.114227
49.114227
49.114227
49.114227
49.114227
49.114227
49.114227
49.114227
49.114227
49.114227
49.114227
49.114227
49.114227
49.114227
49.114227
49.114227
49.114227
49.114227
49.114227
49.114227
49.114227
49.114227
49.114227
49.114227
49.114227
49.114227
49.114227
49.114227
49.114227
49.114227
49.114227
49.114227
49.114227
49.114227
49.114227
49.114227
49.114227
49.114227
49.114227
49.114227
49.114227
49.114227
49.829483
49.829483
49.829483
49.829483
49.829483
49.829483
49.829483
49.829483
49.829483
49.829483
49.829483
49.829483
49.829483
49.829483
49.829483
49.829483
49.829483
49.829483
49.829483
49.829483
49.829483
49.829483
49.829483
49.829483
49.829483
49.829483
49.829483
49.829483
49.829483
49.829483
49.829483
49.829483
49.829483
49.829483
49.829483
49.829483
49.829483
49.829483
49.829483
49.829483
50.067902
50.067902
50.067902
50.067902
50.067902
50.067902
50.067902
50.067902
50.067902
50.067902
50.067902
50.067902
50.067902
50.067902
50.067902
50.067902
50.067902
50.067902
50.067902
50.067902
50.067902
50.067902
50.067902
50.067902
50.067902
50.067902
50.067902
50.067902
50.067902
50.067902
50.067902
50.067902
50.067902
50.067902
50.067902
50.067902
50.067902
50.067902
50.067902
50.067902
50.067902
50.067902
50.067902
50.067902
50.067902
50.067902
50.067902
50.067902
50.067902
50.067902
50.067902
50.067902
50.067902
50.067902
50.067902
50.067902
50.067902
50.067902
50.067902
50.067902
50.067902
50.067902
50.067902
50.067902
50.067902
50.067902
50.067902
50.067902
50.067902
50.067902
50.067902
50.067902
50.067902
50.067902
50.067902
50.067902
50.067902
50.067902
50.067902
50.067902
50.067902
50.067902
50.067902
50.067902
50.067902
50.067902
50.067902
50.067902
50.067902
50.067902
50.067902
50.067902
50.067902
50.067902
50.067902
50.067902
50.067902
50.067902
50.067902
50.067902
50.067902
50.067902
50.067902
50.067902
50.067902
50.067902
50.067902
50.067902
50.067902
50.067902
50.067902
50.067902
50.067902
50.067902
50.067902
50.067902
50.067902
50.067902
50.067902
50.067902
50.067902
50.067902
50.067902
50.067902
50.067902
50.067902
50.067902
50.067902
50.067902
50.067902
50.067902
50.067902
50.067902
50.067902
50.067902
50.067902
50.067902
50.783157
50.783157
50.783157
50.783157
50.783157
50.783157
50.783157
50.783157
50.783157
50.783157
50.783157
50.783157
50.783157
51.021576
51.021576
51.021576
51.021576
51.021576
51.021576
51.021576
51.021576
51.021576
51.021576
51.021576
51.021576
51.021576
51.021576
51.021576
51.021576
51.021576
51.021576
51.021576
51.021576
51.021576
51.021576
51.021576
51.021576
51.021576
51.021576
51.021576
51.021576
51.021576
51.021576
51.021576
51.021576
51.021576
51.021576
51.021576
51.021576
51.021576
51.021576
51.021576
51.021576
51.021576
51.021576
51.021576
51.021576
51.021576
51.021576
51.021576
51.021576
51.021576
51.021576
51.021576
51.021576
51.021576
51.021576
51.021576
51.021576
51.021576
51.021576
51.021576
51.021576
51.021576
51.021576
51.021576
51.021576
51.021576
51.021576
51.021576
51.021576
51.021576
51.021576
51.021576
51.021576
51.021576
51.021576
51.021576
51.021576
51.021576
51.021576
51.021576
51.021576
51.021576
51.021576
51.021576
51.021576
51.021576
51.021576
51.021576
51.021576
51.021576
51.021576
51.021576
51.021576
51.021576
51.021576
51.021576
51.021576
51.021576
51.021576
51.021576
51.021576
51.021576
51.021576
51.021576
51.021576
51.021576
51.021576
51.021576
51.021576
51.021576
51.021576
51.021576
51.021576
51.021576
51.021576
51.021576
51.021576
51.021576
51.021576
51.021576
51.021576
51.021576
51.021576
51.021576
51.021576
51.021576
51.021576
51.021576
51.021576
51.021576
51.021576
51.021576
51.021576
51.021576
51.021576
51.021576
51.021576
51.021576
51.021576
51.021576
51.021576
51.021576
51.021576
51.021576
51.021576
51.021576
51.021576
51.021576
51.021576
51.021576
51.021576
51.021576
51.021576
51.021576
51.021576
51.021576
51.021576
51.021576
51.021576
51.021576
51.021576
51.021576
51.021576
51.021576
51.021576
51.021576
51.021576
51.021576
51.021576
51.021576
51.021576
51.021576
51.021576
51.021576
51.021576
51.975250
51.975250
51.975250
51.975250
51.975250
51.975250
51.975250
51.975250
51.975250
51.975250
51.975250
51.975250
51.975250
51.975250
51.975250
51.975250
51.975250
51.975250
51.975250
51.975250
51.975250
51.975250
51.975250
51.975250
51.975250
51.975250
51.975250
51.975250
51.975250
51.975250
51.975250
51.975250
51.975250
51.975250
51.975250
51.975250
51.975250
51.975250
51.975250
51.975250
51.975250
51.975250
51.975250
51.975250
51.975250
51.975250
51.975250
51.975250
51.975250
51.975250
51.975250
51.975250
51.975250
51.975250
51.975250
51.975250
51.975250
51.975250
51.975250
51.975250
51.975250
51.975250
51.975250
51.975250
51.975250
51.975250
51.975250
51.975250
51.975250
51.975250
51.975250
51.975250
51.975250
51.975250
51.975250
51.975250
51.975250
51.975250
51.975250
51.975250
51.975250
51.975250
51.975250
51.975250
51.975250
51.975250
51.975250
51.975250
51.975250
51.975250
51.975250
51.975250
51.975250
51.975250
51.975250
51.975250
51.975250
51.975250
51.975250
51.975250
51.975250
51.975250
51.975250
51.975250
51.975250
51.975250
51.975250
51.975250
51.975250
51.975250
51.975250
51.975250
51.975250
51.975250
51.975250
51.975250
51.975250
51.975250
51.975250
51.975250
51.975250
51.975250
51.975250
51.975250
51.975250
51.975250
51.975250
51.975250
51.975250
51.975250
51.975250
51.975250
51.975250
51.975250
51.975250
52.213669
52.213669
52.213669
52.213669
52.213669
52.213669
52.213669
52.213669
52.213669
52.213669
52.213669
52.213669
52.213669
52.213669
52.213669
52.928925
52.928925
52.928925
52.928925
52.928925
52.928925
52.928925
52.928925
52.928925
52.928925
52.928925
52.928925
52.928925
52.928925
52.928925
52.928925
52.928925
52.928925
52.928925
52.928925
52.928925
52.928925
52.928925
52.928925
52.928925
52.928925
52.928925
52.928925
52.928925
52.928925
52.928925
52.928925
52.928925
52.928925
52.928925
52.928925
52.928925
52.928925
52.928925
52.928925
52.928925
52.928925
52.928925
52.928925
52.928925
52.928925
52.928925
52.928925
52.928925
52.928925
52.928925
52.928925
52.928925
52.928925
52.928925
52.928925
52.928925
52.928925
52.928925
52.928925
52.928925
52.928925
52.928925
52.928925
52.928925
52.928925
52.928925
52.928925
52.928925
52.928925
52.928925
52.928925
52.928925
52.928925
52.928925
52.928925
52.928925
52.928925
52.928925
52.928925
52.928925
52.928925
52.928925
52.928925
52.928925
52.928925
52.928925
52.928925
52.928925
52.928925
52.928925
52.928925
52.928925
52.928925
52.928925
52.928925
52.928925
52.928925
52.928925
52.928925
52.928925
52.928925
52.928925
52.928925
52.928925
52.928925
52.928925
52.928925
53.167343
53.167343
53.167343
53.167343
53.167343
53.167343
53.167343
53.167343
53.167343
53.167343
53.167343
53.167343
53.167343
53.167343
53.167343
53.167343
53.167343
53.167343
53.167343
53.167343
53.167343
53.167343
53.167343
53.167343
53.167343
53.167343
53.167343
53.167343
53.167343
53.167343
53.167343
53.167343
53.167343
53.167343
53.167343
53.167343
53.167343
53.167343
53.167343
53.167343
53.167343
53.882599
53.882599
53.882599
53.882599
53.882599
53.882599
53.882599
53.882599
53.882599
53.882599
53.882599
53.882599
53.882599
53.882599
53.882599
53.882599
53.882599
53.882599
53.882599
53.882599
53.882599
53.882599
53.882599
53.882599
53.882599
53.882599
53.882599
53.882599
53.882599
53.882599
53.882599
53.882599
53.882599
53.882599
53.882599
53.882599
53.882599
53.882599
53.882599
53.882599
53.882599
53.882599
53.882599
53.882599
53.882599
53.882599
53.882599
53.882599
53.882599
53.882599
53.882599
53.882599
53.882599
53.882599
53.882599
53.882599
53.882599
53.882599
53.882599
53.882599
53.882599
53.882599
53.882599
53.882599
53.882599
53.882599
53.882599
53.882599
53.882599
53.882599
53.882599
53.882599
53.882599
53.882599
54.121017
54.121017
54.121017
54.121017
54.121017
54.121017
54.121017
54.121017
54.121017
54.121017
54.121017
54.121017
54.121017
54.121017
54.121017
54.121017
54.121017
54.121017
54.121017
54.121017
54.121017
54.121017
54.121017
54.121017
54.121017
54.121017
54.121017
54.121017
54.121017
54.121017
54.121017
54.121017
54.121017
54.121017
54.121017
54.121017
54.121017
54.121017
54.121017
54.121017
54.121017
54.121017
54.121017
54.121017
54.121017
54.121017
54.121017
54.121017
54.121017
54.121017
54.121017
54.121017
54.121017
54.121017
54.121017
54.121017
54.836273
54.836273
54.836273
54.836273
54.836273
54.836273
54.836273
54.836273
54.836273
54.836273
54.836273
54.836273
54.836273
54.836273
54.836273
54.836273
54.836273
54.836273
54.836273
54.836273
54.836273
54.836273
54.836273
54.836273
54.836273
54.836273
54.836273
54.836273
54.836273
54.836273
54.836273
54.836273
54.836273
54.836273
54.836273
54.836273
54.836273
54.836273
54.836273
54.836273
54.836273
54.836273
54.836273
54.836273
54.836273
54.836273
54.836273
54.836273
54.836273
54.836273
54.836273
54.836273
54.836273
54.836273
54.836273
54.836273
54.836273
54.836273
54.836273
54.836273
55.074692
55.074692
55.074692
55.074692
55.074692
55.074692
55.074692
55.074692
55.074692
55.074692
55.074692
55.074692
55.074692
55.074692
55.074692
55.074692
55.074692
55.074692
55.074692
55.074692
55.074692
55.074692
55.074692
55.074692
55.074692
55.074692
55.074692
55.074692
55.074692
55.074692
55.074692
55.074692
55.074692
55.074692
55.074692
55.074692
55.074692
55.074692
55.074692
55.074692
55.074692
55.074692
55.074692
55.074692
55.074692
55.074692
55.074692
55.074692
55.074692
55.074692
55.074692
55.074692
55.074692
55.074692
55.074692
55.074692
55.074692
55.074692
55.074692
55.074692
55.074692
55.074692
55.074692
55.074692
55.074692
55.074692
55.074692
55.074692
55.074692
55.074692
55.074692
55.074692
55.074692
55.074692
55.074692
55.074692
55.074692
55.074692
55.074692
55.074692
55.074692
55.074692
55.074692
55.074692
55.074692
55.074692
55.789948
55.789948
55.789948
55.789948
55.789948
55.789948
55.789948
55.789948
55.789948
55.789948
55.789948
55.789948
55.789948
56.028366
56.028366
56.028366
56.028366
56.028366
56.028366
56.028366
56.028366
56.028366
56.028366
56.028366
56.028366
56.028366
56.028366
56.028366
56.028366
56.028366
56.028366
56.028366
56.028366
56.028366
56.028366
56.028366
56.028366
56.028366
56.028366
56.028366
56.028366
56.028366
56.028366
56.028366
56.028366
56.028366
56.028366
56.028366
56.028366
56.028366
56.028366
56.028366
56.028366
56.028366
56.028366
56.028366
56.028366
56.028366
56.028366
56.028366
56.028366
56.028366
56.028366
56.028366
56.028366
56.028366
56.028366
56.028366
56.028366
56.028366
56.028366
56.028366
56.028366
56.028366
56.028366
56.028366
56.028366
56.028366
56.028366
56.028366
56.028366
56.028366
56.028366
56.028366
56.028366
56.028366
56.028366
56.028366
56.028366
56.028366
56.028366
56.028366
56.028366
56.028366
56.028366
56.028366
56.028366
56.028366
56.028366
56.028366
56.028366
56.028366
56.028366
56.028366
56.028366
56.028366
56.028366
56.028366
56.028366
56.028366
56.028366
56.028366
56.028366
56.028366
56.982040
56.982040
56.982040
56.982040
56.982040
56.982040
56.982040
56.982040
56.982040
56.982040
56.982040
56.982040
56.982040
56.982040
56.982040
56.982040
56.982040
56.982040
56.982040
56.982040
56.982040
56.982040
56.982040
56.982040
56.982040
56.982040
56.982040
56.982040
56.982040
56.982040
56.982040
56.982040
56.982040
56.982040
56.982040
56.982040
56.982040
56.982040
56.982040
56.982040
56.982040
56.982040
56.982040
56.982040
56.982040
56.982040
56.982040
56.982040
56.982040
56.982040
56.982040
56.982040
56.982040
56.982040
56.982040
56.982040
56.982040
56.982040
56.982040
56.982040
56.982040
56.982040
56.982040
56.982040
56.982040
56.982040
56.982040
56.982040
56.982040
56.982040
56.982040
56.982040
56.982040
56.982040
56.982040
56.982040
56.982040
56.982040
56.982040
56.982040
56.982040
56.982040
56.982040
56.982040
56.982040
56.982040
56.982040
56.982040
56.982040
56.982040
56.982040
56.982040
56.982040
56.982040
56.982040
56.982040
56.982040
56.982040
56.982040
56.982040
56.982040
56.982040
56.982040
56.982040
56.982040
56.982040
56.982040
56.982040
56.982040
56.982040
56.982040
56.982040
56.982040
56.982040
56.982040
56.982040
56.982040
56.982040
56.982040
56.982040
56.982040
56.982040
56.982040
57.220459
57.220459
57.220459
57.220459
57.220459
57.220459
57.220459
57.220459
57.220459
57.935715
57.935715
57.935715
57.935715
57.935715
57.935715
57.935715
57.935715
57.935715
57.935715
57.935715
57.935715
57.935715
57.935715
57.935715
57.935715
57.935715
57.935715
57.935715
57.935715
57.935715
57.935715
57.935715
57.935715
57.935715
57.935715
57.935715
57.935715
57.935715
57.935715
57.935715
57.935715
57.935715
57.935715
57.935715
57.935715
57.935715
57.935715
57.935715
57.935715
57.935715
57.935715
57.935715
57.935715
57.935715
57.935715
57.935715
57.935715
57.935715
57.935715
57.935715
57.935715
57.935715
57.935715
57.935715
57.935715
57.935715
57.935715
57.935715
57.935715
57.935715
57.935715
57.935715
57.935715
57.935715
57.935715
57.935715
57.935715
57.935715
57.935715
57.935715
57.935715
57.935715
57.935715
57.935715
57.935715
57.935715
57.935715
57.935715
57.935715
57.935715
57.935715
57.935715
58.174133
58.174133
58.174133
58.174133
58.174133
58.174133
58.174133
58.174133
58.174133
58.174133
58.174133
58.174133
58.174133
58.174133
58.174133
58.174133
58.174133
58.174133
58.174133
58.174133
58.174133
58.174133
58.174133
58.174133
58.174133
58.174133
58.174133
58.174133
58.174133
58.174133
58.174133
58.174133
58.174133
58.174133
58.174133
58.174133
58.174133
58.889389
58.889389
58.889389
58.889389
58.889389
58.889389
58.889389
58.889389
58.889389
58.889389
58.889389
58.889389
58.889389
58.889389
58.889389
58.889389
58.889389
58.889389
58.889389
58.889389
58.889389
58.889389
58.889389
58.889389
58.889389
58.889389
58.889389
58.889389
58.889389
58.889389
58.889389
58.889389
58.889389
58.889389
58.889389
58.889389
58.889389
58.889389
58.889389
58.889389
58.889389
58.889389
58.889389
58.889389
58.889389
58.889389
58.889389
58.889389
58.889389
58.889389
58.889389
58.889389
58.889389
58.889389
58.889389
58.889389
58.889389
58.889389
58.889389
58.889389
58.889389
59.127808
59.127808
59.127808
59.127808
59.127808
59.127808
59.127808
59.127808
59.127808
59.127808
59.127808
59.127808
59.127808
59.127808
59.127808
59.127808
59.127808
59.127808
59.127808
59.127808
59.127808
59.127808
59.127808
59.127808
59.127808
59.127808
59.127808
59.127808
59.127808
59.127808
59.127808
59.127808
59.127808
59.127808
59.127808
59.127808
59.127808
59.127808
59.127808
59.127808
59.127808
59.127808
59.127808
59.127808
59.127808
59.127808
59.127808
59.127808
59.127808
59.127808
59.127808
59.127808
59.127808
59.127808
59.127808
59.127808
59.127808
59.127808
59.127808
59.127808
59.127808
59.127808
59.127808
59.843063
59.843063
59.843063
59.843063
59.843063
59.843063
59.843063
59.843063
59.843063
59.843063
59.843063
59.843063
59.843063
59.843063
59.843063
59.843063
59.843063
59.843063
59.843063
59.843063
59.843063
59.843063
59.843063
59.843063
59.843063
59.843063
59.843063
59.843063
59.843063
59.843063
59.843063
59.843063
59.843063
59.843063
59.843063
59.843063
59.843063
59.843063
59.843063
60.081482
60.081482
60.081482
60.081482
60.081482
60.081482
60.081482
60.081482
60.081482
60.081482
60.081482
60.081482
60.081482
60.081482
60.081482
60.081482
60.081482
60.081482
60.081482
60.081482
60.081482
60.081482
60.081482
60.081482
60.081482
60.081482
60.081482
60.081482
60.081482
60.081482
60.081482
60.081482
60.081482
60.081482
60.081482
60.081482
60.081482
60.081482
60.081482
60.081482
60.081482
60.081482
60.081482
60.081482
60.081482
60.081482
60.081482
60.081482
60.081482
60.081482
60.081482
60.081482
60.081482
60.081482
60.081482
60.081482
60.081482
60.081482
60.081482
60.081482
60.081482
60.081482
60.081482
60.081482
60.081482
60.081482
60.081482
60.081482
60.081482
60.081482
60.081482
60.081482
60.081482
60.081482
60.081482
60.081482
60.081482
60.081482
60.081482
60.081482
60.081482
60.081482
60.081482
60.081482
60.796738
60.796738
60.796738
60.796738
60.796738
60.796738
60.796738
60.796738
60.796738
60.796738
60.796738
60.796738
60.796738
60.796738
60.796738
60.796738
60.796738
60.796738
60.796738
60.796738
60.796738
60.796738
60.796738
61.035156
61.035156
61.035156
61.035156
61.035156
61.035156
61.035156
61.035156
61.035156
61.035156
61.035156
61.035156
61.035156
61.035156
61.035156
61.035156
61.035156
61.035156
61.035156
61.035156
61.035156
61.035156
61.035156
61.035156
61.035156
61.035156
61.035156
61.035156
61.035156
61.035156
61.035156
61.035156
61.035156
61.035156
61.035156
61.035156
61.035156
61.035156
61.035156
61.035156
61.035156
61.035156
61.035156
61.035156
61.035156
61.035156
61.035156
61.035156
61.035156
61.035156
61.035156
61.035156
61.035156
61.035156
61.035156
61.035156
61.035156
61.035156
61.035156
61.035156
61.035156
61.035156
61.035156
61.035156
61.035156
61.035156
61.035156
61.035156
61.035156
61.035156
61.035156
61.035156
61.035156
61.035156
61.035156
61.035156
61.035156
61.035156
61.035156
61.035156
61.035156
61.035156
61.035156
61.035156
61.035156
61.035156
61.035156
61.035156
61.035156
61.035156
61.035156
61.035156
61.035156
61.035156
61.035156
61.035156
61.988831
61.988831
61.988831
61.988831
61.988831
61.988831
61.988831
61.988831
61.988831
61.988831
61.988831
61.988831
61.988831
61.988831
61.988831
61.988831
61.988831
61.988831
61.988831
61.988831
61.988831
61.988831
61.988831
61.988831
61.988831
61.988831
61.988831
61.988831
61.988831
61.988831
61.988831
61.988831
61.988831
61.988831
61.988831
61.988831
61.988831
61.988831
61.988831
61.988831
61.988831
61.988831
61.988831
61.988831
61.988831
61.988831
61.988831
61.988831
61.988831
61.988831
61.988831
61.988831
61.988831
61.988831
61.988831
61.988831
61.988831
61.988831
61.988831
61.988831
61.988831
61.988831
61.988831
61.988831
61.988831
61.988831
61.988831
61.988831
61.988831
61.988831
61.988831
61.988831
61.988831
61.988831
61.988831
61.988831
61.988831
61.988831
61.988831
61.988831
61.988831
61.988831
61.988831
61.988831
61.988831
61.988831
61.988831
61.988831
61.988831
61.988831
61.988831
61.988831
61.988831
61.988831
61.988831
61.988831
61.988831
61.988831
61.988831
61.988831
61.988831
61.988831
61.988831
61.988831
61.988831
62.227249
62.227249
62.227249
62.942505
62.942505
62.942505
62.942505
62.942505
62.942505
62.942505
62.942505
62.942505
62.942505
62.942505
62.942505
62.942505
62.942505
62.942505
62.942505
62.942505
62.942505
62.942505
62.942505
62.942505
62.942505
62.942505
62.942505
62.942505
62.942505
62.942505
62.942505
62.942505
62.942505
62.942505
62.942505
62.942505
62.942505
62.942505
62.942505
62.942505
62.942505
62.942505
62.942505
62.942505
62.942505
62.942505
62.942505
62.942505
62.942505
62.942505
62.942505
62.942505
62.942505
62.942505
62.942505
62.942505
62.942505
62.942505
62.942505
62.942505
62.942505
62.942505
62.942505
62.942505
62.942505
62.942505
62.942505
62.942505
62.942505
62.942505
62.942505
62.942505
62.942505
62.942505
63.180923
63.180923
63.180923
63.180923
63.180923
63.180923
63.180923
63.180923
63.180923
63.180923
63.180923
63.180923
63.180923
63.180923
63.180923
63.180923
63.180923
63.180923
63.180923
63.180923
63.180923
63.180923
63.180923
63.180923
63.180923
63.896179
63.896179
63.896179
63.896179
63.896179
63.896179
63.896179
63.896179
63.896179
63.896179
63.896179
63.896179
63.896179
63.896179
63.896179
63.896179
63.896179
63.896179
63.896179
63.896179
63.896179
63.896179
63.896179
63.896179
63.896179
63.896179
63.896179
63.896179
63.896179
63.896179
63.896179
63.896179
63.896179
63.896179
63.896179
63.896179
63.896179
63.896179
63.896179
63.896179
63.896179
63.896179
63.896179
63.896179
63.896179
63.896179
63.896179
63.896179
63.896179
63.896179
63.896179
63.896179
63.896179
63.896179
63.896179
63.896179
63.896179
63.896179
64.134598
64.134598
64.134598
64.134598
64.134598
64.134598
64.134598
64.134598
64.134598
64.134598
64.134598
64.134598
64.134598
64.134598
64.134598
64.134598
64.134598
64.134598
64.134598
64.134598
64.134598
64.134598
64.134598
64.134598
64.134598
64.134598
64.134598
64.134598
64.134598
64.134598
64.134598
64.134598
64.134598
64.134598
64.134598
64.134598
64.134598
64.134598
64.134598
64.134598
64.134598
64.134598
64.134598
64.134598
64.134598
64.134598
64.134598
64.134598
64.134598
64.134598
64.134598
64.134598
64.134598
64.134598
64.134598
64.134598
64.134598
64.134598
64.134598
64.849854
64.849854
64.849854
64.849854
64.849854
64.849854
64.849854
64.849854
64.849854
64.849854
64.849854
64.849854
64.849854
64.849854
64.849854
64.849854
64.849854
64.849854
64.849854
64.849854
64.849854
64.849854
64.849854
64.849854
64.849854
64.849854
64.849854
64.849854
64.849854
64.849854
64.849854
64.849854
64.849854
64.849854
64.849854
64.849854
64.849854
64.849854
64.849854
64.849854
64.849854
64.849854
64.849854
64.849854
64.849854
64.849854
65.088272
65.088272
65.088272
65.088272
65.088272
65.088272
65.088272
65.088272
65.088272
65.088272
65.088272
65.088272
65.088272
65.088272
65.088272
65.088272
65.088272
65.088272
65.088272
65.088272
65.088272
65.088272
65.088272
65.088272
65.088272
65.088272
65.088272
65.088272
65.088272
65.088272
65.088272
65.088272
65.088272
65.088272
65.088272
65.088272
65.088272
65.088272
65.088272
65.088272
65.088272
65.088272
65.088272
65.088272
65.088272
65.088272
65.088272
65.088272
65.088272
65.088272
65.088272
65.088272
65.088272
65.088272
65.088272
65.088272
65.088272
65.088272
65.088272
65.088272
65.088272
65.088272
65.088272
65.088272
65.088272
65.088272
65.088272
65.088272
65.088272
65.088272
65.088272
65.088272
65.088272
65.088272
65.088272
65.088272
65.088272
65.088272
65.088272
65.088272
65.088272
65.088272
65.803528
65.803528
65.803528
65.803528
65.803528
65.803528
65.803528
65.803528
65.803528
65.803528
65.803528
65.803528
65.803528
65.803528
65.803528
65.803528
66.041946
66.041946
66.041946
66.041946
66.041946
66.041946
66.041946
66.041946
66.041946
66.041946
66.041946
66.041946
66.041946
66.041946
66.041946
66.041946
66.041946
66.041946
66.041946
66.041946
66.041946
66.041946
66.041946
66.041946
66.041946
66.041946
66.041946
66.041946
66.041946
66.041946
66.041946
66.041946
66.041946
66.041946
66.041946
66.041946
66.041946
66.041946
66.041946
66.041946
66.041946
66.041946
66.041946
66.041946
66.041946
66.041946
66.041946
66.041946
66.041946
66.041946
66.041946
66.041946
66.041946
66.041946
66.041946
66.041946
66.041946
66.041946
66.041946
66.041946
66.041946
66.041946
66.041946
66.041946
66.041946
66.041946
66.041946
66.041946
66.041946
66.041946
66.041946
66.041946
66.041946
66.041946
66.041946
66.041946
66.041946
66.041946
66.041946
66.041946
66.041946
66.041946
66.995621
66.995621
66.995621
66.995621
66.995621
66.995621
66.995621
66.995621
66.995621
66.995621
66.995621
66.995621
66.995621
66.995621
66.995621
66.995621
66.995621
66.995621
66.995621
66.995621
66.995621
66.995621
66.995621
66.995621
66.995621
66.995621
66.995621
66.995621
66.995621
66.995621
66.995621
66.995621
66.995621
66.995621
66.995621
66.995621
66.995621
66.995621
66.995621
66.995621
66.995621
66.995621
66.995621
66.995621
66.995621
66.995621
66.995621
66.995621
66.995621
66.995621
66.995621
66.995621
66.995621
66.995621
66.995621
66.995621
66.995621
66.995621
66.995621
66.995621
66.995621
66.995621
66.995621
66.995621
66.995621
66.995621
66.995621
66.995621
66.995621
66.995621
66.995621
66.995621
66.995621
66.995621
66.995621
66.995621
66.995621
66.995621
66.995621
66.995621
66.995621
66.995621
66.995621
66.995621
66.995621
66.995621
66.995621
66.995621
66.995621
66.995621
66.995621
67.234039
67.234039
67.949295
67.949295
67.949295
67.949295
67.949295
67.949295
67.949295
67.949295
67.949295
67.949295
67.949295
67.949295
67.949295
67.949295
67.949295
67.949295
67.949295
67.949295
67.949295
67.949295
67.949295
67.949295
67.949295
67.949295
67.949295
67.949295
67.949295
67.949295
67.949295
67.949295
67.949295
67.949295
67.949295
67.949295
67.949295
67.949295
67.949295
67.949295
67.949295
67.949295
67.949295
67.949295
67.949295
67.949295
67.949295
67.949295
67.949295
67.949295
67.949295
67.949295
67.949295
67.949295
67.949295
67.949295
67.949295
67.949295
67.949295
67.949295
67.949295
67.949295
67.949295
67.949295
67.949295
67.949295
67.949295
67.949295
67.949295
67.949295
67.949295
67.949295
67.949295
67.949295
67.949295
67.949295
67.949295
67.949295
67.949295
67.949295
67.949295
67.949295
67.949295
67.949295
67.949295
67.949295
67.949295
68.187714
68.187714
68.187714
68.187714
68.187714
68.187714
68.187714
68.187714
68.187714
68.187714
68.187714
68.187714
68.187714
68.187714
68.187714
68.187714
68.187714
68.187714
68.187714
68.187714
68.187714
68.187714
68.187714
68.187714
68.187714
68.187714
68.187714
68.187714
68.187714
68.187714
68.187714
68.187714
68.187714
68.902969
68.902969
68.902969
68.902969
68.902969
68.902969
68.902969
68.902969
68.902969
68.902969
68.902969
68.902969
68.902969
68.902969
68.902969
68.902969
68.902969
68.902969
68.902969
68.902969
68.902969
68.902969
68.902969
68.902969
68.902969
68.902969
68.902969
68.902969
68.902969
68.902969
68.902969
68.902969
68.902969
68.902969
68.902969
68.902969
68.902969
68.902969
68.902969
68.902969
68.902969
68.902969
68.902969
68.902969
68.902969
68.902969
68.902969
68.902969
68.902969
68.902969
68.902969
69.141388
69.141388
69.141388
69.141388
69.141388
69.141388
69.141388
69.141388
69.141388
69.141388
69.141388
69.141388
69.141388
69.141388
69.141388
69.141388
69.141388
69.141388
69.141388
69.141388
69.141388
69.141388
69.141388
69.141388
69.141388
69.141388
69.141388
69.141388
69.141388
69.141388
69.141388
69.141388
69.141388
69.141388
69.141388
69.141388
69.141388
69.141388
69.141388
69.141388
69.141388
69.141388
69.141388
69.856644
69.856644
69.856644
69.856644
69.856644
69.856644
69.856644
69.856644
69.856644
69.856644
69.856644
69.856644
69.856644
69.856644
69.856644
69.856644
69.856644
69.856644
69.856644
69.856644
69.856644
69.856644
69.856644
69.856644
69.856644
69.856644
69.856644
69.856644
69.856644
69.856644
69.856644
69.856644
69.856644
69.856644
69.856644
69.856644
69.856644
69.856644
69.856644
69.856644
69.856644
69.856644
69.856644
69.856644
70.095062
70.095062
70.095062
70.095062
70.095062
70.095062
70.095062
70.095062
70.095062
70.095062
70.095062
70.095062
70.095062
70.095062
70.095062
70.095062
70.095062
70.095062
70.095062
70.095062
70.095062
70.095062
70.095062
70.095062
70.095062
70.095062
70.095062
70.095062
70.095062
70.095062
70.095062
70.095062
70.095062
70.095062
70.095062
70.095062
70.095062
70.095062
70.095062
70.095062
70.095062
70.095062
70.095062
70.095062
70.095062
70.095062
70.095062
70.095062
70.095062
70.095062
70.095062
70.095062
70.095062
70.810318
70.810318
70.810318
70.810318
70.810318
70.810318
70.810318
70.810318
70.810318
70.810318
70.810318
70.810318
70.810318
70.810318
70.810318
70.810318
70.810318
70.810318
70.810318
71.048737
71.048737
71.048737
71.048737
71.048737
71.048737
71.048737
71.048737
71.048737
71.048737
71.048737
71.048737
71.048737
71.048737
71.048737
71.048737
71.048737
71.048737
71.048737
71.048737
71.048737
71.048737
71.048737
71.048737
71.048737
71.048737
71.048737
71.048737
71.048737
71.048737
71.048737
71.048737
71.048737
71.048737
71.048737
71.048737
71.048737
71.048737
71.048737
71.048737
71.048737
71.048737
71.048737
71.048737
71.048737
71.048737
71.048737
71.048737
71.048737
71.048737
71.048737
71.048737
71.048737
71.048737
71.048737
71.048737
71.048737
71.048737
71.048737
71.048737
71.048737
71.048737
71.048737
71.048737
71.048737
71.048737
71.048737
71.048737
71.048737
71.048737
71.048737
71.048737
71.048737
71.048737
71.048737
71.048737
71.048737
71.048737
71.048737
71.048737
71.048737
71.048737
71.048737
71.048737
71.048737
71.048737
71.763992
71.763992
72.002411
72.002411
72.002411
72.002411
72.002411
72.002411
72.002411
72.002411
72.002411
72.002411
72.002411
72.002411
72.002411
72.002411
72.002411
72.002411
72.002411
72.002411
72.002411
72.002411
72.002411
72.002411
72.002411
72.002411
72.002411
72.002411
72.002411
72.002411
72.002411
72.002411
72.002411
72.002411
72.002411
72.002411
72.002411
72.002411
72.002411
72.002411
72.002411
72.002411
72.002411
72.002411
72.002411
72.002411
72.002411
72.002411
72.002411
72.002411
72.002411
72.002411
72.002411
72.002411
72.002411
72.002411
72.002411
72.002411
72.002411
72.002411
72.002411
72.002411
72.002411
72.002411
72.002411
72.002411
72.002411
72.002411
72.002411
72.002411
72.002411
72.002411
72.002411
72.002411
72.002411
72.002411
72.002411
72.002411
72.002411
72.002411
72.002411
72.002411
72.002411
72.002411
72.002411
72.956085
72.956085
72.956085
72.956085
72.956085
72.956085
72.956085
72.956085
72.956085
72.956085
72.956085
72.956085
72.956085
72.956085
72.956085
72.956085
72.956085
72.956085
72.956085
72.956085
72.956085
72.956085
72.956085
72.956085
72.956085
72.956085
72.956085
72.956085
72.956085
72.956085
72.956085
72.956085
72.956085
72.956085
72.956085
72.956085
72.956085
72.956085
72.956085
72.956085
72.956085
72.956085
72.956085
72.956085
72.956085
72.956085
72.956085
72.956085
72.956085
72.956085
72.956085
72.956085
72.956085
72.956085
72.956085
72.956085
72.956085
72.956085
72.956085
72.956085
72.956085
72.956085
72.956085
72.956085
72.956085
72.956085
72.956085
72.956085
72.956085
72.956085
72.956085
72.956085
72.956085
72.956085
72.956085
73.194504
73.194504
73.194504
73.194504
73.194504
73.194504
73.194504
73.194504
73.194504
73.194504
73.194504
73.194504
73.194504
73.194504
73.909760
73.909760
73.909760
73.909760
73.909760
73.909760
73.909760
73.909760
73.909760
73.909760
73.909760
73.909760
73.909760
73.909760
73.909760
73.909760
73.909760
73.909760
73.909760
73.909760
73.909760
73.909760
73.909760
73.909760
73.909760
73.909760
73.909760
73.909760
73.909760
73.909760
73.909760
73.909760
73.909760
73.909760
73.909760
73.909760
73.909760
73.909760
73.909760
73.909760
73.909760
73.909760
73.909760
73.909760
73.909760
73.909760
73.909760
74.148178
74.148178
74.148178
74.148178
74.148178
74.148178
74.148178
74.148178
74.148178
74.148178
74.148178
74.148178
74.148178
74.148178
74.148178
74.148178
74.148178
74.148178
74.148178
74.148178
74.148178
74.148178
74.148178
74.148178
74.148178
74.148178
74.148178
74.148178
74.148178
74.148178
74.148178
74.148178
74.148178
74.148178
74.148178
74.148178
74.148178
74.863434
74.863434
74.863434
74.863434
74.863434
74.863434
74.863434
74.863434
74.863434
74.863434
74.863434
74.863434
74.863434
74.863434
74.863434
74.863434
74.863434
74.863434
74.863434
74.863434
74.863434
74.863434
74.863434
74.863434
74.863434
74.863434
74.863434
74.863434
74.863434
74.863434
75.101852
75.101852
75.101852
75.101852
75.101852
75.101852
75.101852
75.101852
75.101852
75.101852
75.101852
75.101852
75.101852
75.101852
75.101852
75.101852
75.101852
75.101852
75.101852
75.101852
75.101852
75.101852
75.101852
75.101852
75.101852
75.101852
75.101852
75.101852
75.101852
75.101852
75.101852
75.101852
75.101852
75.101852
75.101852
75.101852
75.101852
75.101852
75.101852
75.101852
75.101852
75.101852
75.101852
75.101852
75.101852
75.817108
75.817108
75.817108
75.817108
75.817108
75.817108
75.817108
75.817108
75.817108
75.817108
75.817108
75.817108
75.817108
76.055527
76.055527
76.055527
76.055527
76.055527
76.055527
76.055527
76.055527
76.055527
76.055527
76.055527
76.055527
76.055527
76.055527
76.055527
76.055527
76.055527
76.055527
76.055527
76.055527
76.055527
76.055527
76.055527
76.055527
76.055527
76.055527
76.055527
76.055527
76.055527
76.055527
76.055527
76.055527
76.055527
76.055527
76.055527
76.055527
76.055527
76.055527
76.055527
76.055527
76.055527
76.055527
76.055527
76.055527
76.055527
76.055527
76.770782
77.009201
77.009201
77.009201
77.009201
77.009201
77.009201
77.009201
77.009201
77.009201
77.009201
77.009201
77.009201
77.009201
77.009201
77.009201
77.009201
77.009201
77.009201
77.009201
77.009201
77.009201
77.009201
77.009201
77.009201
77.009201
77.009201
77.009201
77.009201
77.009201
77.009201
77.009201
77.009201
77.009201
77.009201
77.009201
77.009201
77.009201
77.009201
77.009201
77.009201
77.009201
77.009201
77.009201
77.009201
77.009201
77.009201
77.009201
77.009201
77.009201
77.009201
77.009201
77.009201
77.009201
77.009201
77.009201
77.009201
77.009201
77.009201
77.009201
77.009201
77.009201
77.009201
77.009201
77.009201
77.962875
77.962875
77.962875
77.962875
77.962875
77.962875
77.962875
77.962875
77.962875
77.962875
77.962875
77.962875
77.962875
77.962875
77.962875
77.962875
77.962875
77.962875
77.962875
77.962875
77.962875
77.962875
77.962875
77.962875
77.962875
77.962875
77.962875
77.962875
77.962875
77.962875
77.962875
77.962875
77.962875
77.962875
77.962875
77.962875
77.962875
77.962875
77.962875
77.962875
77.962875
77.962875
77.962875
77.962875
77.962875
77.962875
77.962875
77.962875
77.962875
77.962875
77.962875
77.962875
77.962875
77.962875
78.201294
78.201294
78.201294
78.201294
78.201294
78.201294
78.201294
78.201294
78.201294
78.201294
78.201294
78.201294
78.201294
78.916550
78.916550
78.916550
78.916550
78.916550
78.916550
78.916550
78.916550
78.916550
78.916550
78.916550
78.916550
78.916550
78.916550
78.916550
78.916550
78.916550
78.916550
78.916550
78.916550
78.916550
78.916550
78.916550
78.916550
78.916550
78.916550
78.916550
78.916550
78.916550
78.916550
78.916550
79.154968
79.154968
79.154968
79.154968
79.154968
79.154968
79.154968
79.154968
79.154968
79.154968
79.154968
79.154968
79.154968
79.154968
79.154968
79.154968
79.154968
79.154968
79.154968
79.154968
79.870224
79.870224
79.870224
79.870224
79.870224
79.870224
79.870224
79.870224
79.870224
79.870224
79.870224
79.870224
79.870224
79.870224
79.870224
79.870224
79.870224
79.870224
79.870224
79.870224
79.870224
79.870224
79.870224
79.870224
79.870224
79.870224
79.870224
79.870224
79.870224
79.870224
79.870224
80.108643
80.108643
80.108643
80.108643
80.108643
80.108643
80.108643
80.108643
80.108643
80.108643
80.108643
80.108643
80.108643
80.108643
80.108643
80.108643
80.108643
80.108643
80.108643
80.108643
80.108643
80.108643
80.108643
80.108643
80.108643
80.108643
80.108643
80.108643
80.108643
80.108643
80.108643
80.108643
80.108643
80.108643
80.108643
80.108643
80.108643
80.108643
80.823898
80.823898
80.823898
80.823898
80.823898
80.823898
80.823898
80.823898
80.823898
80.823898
80.823898
80.823898
80.823898
81.062317
81.062317
81.062317
81.062317
81.062317
81.062317
81.062317
81.062317
81.062317
81.062317
81.062317
81.062317
81.062317
81.062317
81.062317
81.062317
81.062317
81.062317
81.062317
81.062317
81.062317
81.062317
81.062317
81.062317
81.062317
81.062317
81.062317
81.062317
81.062317
81.062317
81.062317
81.062317
81.062317
81.062317
81.777573
81.777573
82.015991
82.015991
82.015991
82.015991
82.015991
82.015991
82.015991
82.015991
82.015991
82.015991
82.015991
82.015991
82.015991
82.015991
82.015991
82.015991
82.015991
82.015991
82.015991
82.015991
82.015991
82.015991
82.015991
82.015991
82.015991
82.015991
82.015991
82.015991
82.015991
82.015991
82.015991
82.015991
82.015991
82.015991
82.015991
82.015991
82.015991
82.015991
82.015991
82.015991
82.015991
82.015991
82.015991
82.015991
82.015991
82.015991
82.015991
82.015991
82.015991
82.015991
82.969666
82.969666
82.969666
82.969666
82.969666
82.969666
82.969666
82.969666
82.969666
82.969666
82.969666
82.969666
82.969666
82.969666
82.969666
82.969666
82.969666
82.969666
82.969666
82.969666
82.969666
82.969666
82.969666
82.969666
82.969666
82.969666
82.969666
82.969666
82.969666
82.969666
82.969666
82.969666
82.969666
82.969666
82.969666
82.969666
82.969666
82.969666
82.969666
82.969666
82.969666
82.969666
82.969666
82.969666
82.969666
82.969666
82.969666
82.969666
82.969666
82.969666
82.969666
82.969666
82.969666
82.969666
82.969666
82.969666
82.969666
82.969666
82.969666
82.969666
82.969666
82.969666
82.969666
82.969666
82.969666
82.969666
82.969666
82.969666
82.969666
82.969666
82.969666
83.208084
83.208084
83.208084
83.208084
83.208084
83.208084
83.923340
83.923340
83.923340
83.923340
83.923340
83.923340
83.923340
83.923340
83.923340
83.923340
83.923340
83.923340
83.923340
83.923340
83.923340
83.923340
83.923340
83.923340
83.923340
83.923340
83.923340
83.923340
83.923340
83.923340
83.923340
83.923340
83.923340
83.923340
83.923340
83.923340
83.923340
83.923340
83.923340
83.923340
83.923340
83.923340
83.923340
83.923340
83.923340
83.923340
83.923340
83.923340
83.923340
83.923340
83.923340
83.923340
83.923340
83.923340
83.923340
84.161758
84.161758
84.161758
84.161758
84.161758
84.161758
84.161758
84.161758
84.161758
84.161758
84.161758
84.161758
84.161758
84.161758
84.161758
84.161758
84.161758
84.161758
84.161758
84.161758
84.161758
84.161758
84.161758
84.877014
84.877014
84.877014
84.877014
84.877014
84.877014
84.877014
84.877014
84.877014
84.877014
84.877014
84.877014
84.877014
84.877014
84.877014
84.877014
84.877014
84.877014
84.877014
84.877014
84.877014
84.877014
84.877014
84.877014
84.877014
84.877014
85.115433
85.115433
85.115433
85.115433
85.115433
85.115433
85.115433
85.115433
85.115433
85.115433
85.115433
85.115433
85.115433
85.115433
85.115433
85.115433
85.115433
85.115433
85.115433
85.115433
85.115433
85.115433
85.115433
85.115433
85.115433
85.115433
85.115433
85.115433
85.115433
85.115433
85.115433
85.115433
85.115433
85.830688
85.830688
85.830688
85.830688
85.830688
85.830688
85.830688
85.830688
85.830688
85.830688
85.830688
85.830688
86.069107
86.069107
86.069107
86.069107
86.069107
86.069107
86.069107
86.069107
86.069107
86.069107
86.069107
86.069107
86.069107
86.069107
86.069107
86.069107
86.069107
86.069107
86.069107
86.069107
86.069107
86.069107
86.069107
86.069107
86.069107
86.069107
86.069107
86.069107
86.069107
86.069107
86.069107
86.069107
86.069107
86.069107
86.069107
86.069107
86.069107
86.069107
86.069107
86.069107
86.069107
86.069107
86.069107
86.069107
86.069107
86.784363
86.784363
86.784363
86.784363
86.784363
86.784363
86.784363
86.784363
86.784363
87.022781
87.022781
87.022781
87.022781
87.022781
87.022781
87.022781
87.022781
87.022781
87.022781
87.022781
87.022781
87.022781
87.022781
87.022781
87.022781
87.022781
87.022781
87.022781
87.022781
87.022781
87.022781
87.022781
87.022781
87.022781
87.022781
87.022781
87.022781
87.022781
87.022781
87.022781
87.022781
87.022781
87.022781
87.022781
87.022781
87.022781
87.022781
87.022781
87.022781
87.022781
87.022781
87.022781
87.022781
87.022781
87.976456
87.976456
87.976456
87.976456
87.976456
87.976456
87.976456
87.976456
87.976456
87.976456
87.976456
87.976456
87.976456
87.976456
87.976456
87.976456
87.976456
87.976456
87.976456
87.976456
87.976456
87.976456
87.976456
87.976456
87.976456
87.976456
87.976456
87.976456
87.976456
87.976456
87.976456
87.976456
87.976456
87.976456
87.976456
87.976456
87.976456
87.976456
87.976456
87.976456
88.214874
88.214874
88.214874
88.214874
88.214874
88.214874
88.214874
88.930130
88.930130
88.930130
88.930130
88.930130
88.930130
88.930130
88.930130
88.930130
88.930130
88.930130
88.930130
88.930130
88.930130
88.930130
88.930130
88.930130
88.930130
88.930130
88.930130
88.930130
88.930130
88.930130
88.930130
88.930130
88.930130
88.930130
88.930130
88.930130
88.930130
89.168549
89.168549
89.168549
89.168549
89.168549
89.168549
89.168549
89.168549
89.168549
89.168549
89.168549
89.168549
89.168549
89.168549
89.883804
89.883804
89.883804
89.883804
89.883804
89.883804
89.883804
89.883804
89.883804
89.883804
89.883804
89.883804
89.883804
89.883804
89.883804
89.883804
89.883804
89.883804
89.883804
90.122223
90.122223
90.122223
90.122223
90.122223
90.122223
90.122223
90.122223
90.122223
90.122223
90.122223
90.122223
90.837479
90.837479
90.837479
90.837479
90.837479
90.837479
90.837479
90.837479
91.075897
91.075897
91.075897
91.075897
91.075897
91.075897
91.075897
91.075897
91.075897
91.075897
91.075897
91.075897
91.075897
91.075897
91.075897
91.075897
91.075897
91.075897
91.075897
91.075897
91.075897
91.075897
91.075897
91.075897
91.075897
91.075897
91.075897
91.075897
91.075897
91.791153
91.791153
92.029572
92.029572
92.029572
92.029572
92.029572
92.029572
92.029572
92.029572
92.029572
92.029572
92.029572
92.029572
92.029572
92.029572
92.029572
92.029572
92.029572
92.029572
92.029572
92.029572
92.029572
92.029572
92.029572
92.029572
92.029572
92.029572
92.029572
92.029572
92.029572
92.029572
92.029572
92.983246
92.983246
92.983246
92.983246
92.983246
92.983246
92.983246
92.983246
92.983246
92.983246
92.983246
92.983246
92.983246
92.983246
92.983246
92.983246
92.983246
92.983246
92.983246
92.983246
92.983246
92.983246
92.983246
92.983246
92.983246
92.983246
92.983246
92.983246
92.983246
92.983246
93.221664
93.221664
93.936920
93.936920
93.936920
93.936920
93.936920
93.936920
93.936920
93.936920
93.936920
93.936920
93.936920
93.936920
93.936920
93.936920
93.936920
93.936920
93.936920
93.936920
93.936920
93.936920
93.936920
93.936920
93.936920
93.936920
93.936920
93.936920
93.936920
93.936920
93.936920
93.936920
93.936920
93.936920
93.936920
93.936920
94.175339
94.175339
94.175339
94.175339
94.175339
94.175339
94.175339
94.175339
94.175339
94.175339
94.175339
94.175339
94.890594
94.890594
94.890594
94.890594
94.890594
94.890594
94.890594
94.890594
94.890594
94.890594
94.890594
94.890594
94.890594
94.890594
94.890594
94.890594
94.890594
94.890594
95.129013
95.129013
95.129013
95.129013
95.129013
95.129013
95.129013
95.844269
95.844269
95.844269
95.844269
95.844269
95.844269
95.844269
95.844269
95.844269
95.844269
95.844269
95.844269
96.082687
96.082687
96.082687
96.082687
96.082687
96.082687
96.082687
96.082687
96.082687
96.082687
96.082687
96.082687
96.082687
96.082687
96.082687
96.082687
96.082687
96.082687
96.082687
96.082687
96.082687
96.082687
96.082687
96.082687
96.082687
96.082687
96.082687
96.797943
96.797943
96.797943
96.797943
97.036362
97.036362
97.036362
97.036362
97.036362
97.036362
97.036362
97.036362
97.036362
97.036362
97.036362
97.036362
97.036362
97.036362
97.036362
97.036362
97.036362
97.036362
97.036362
97.036362
97.036362
97.036362
97.036362
97.036362
97.036362
97.036362
97.036362
97.036362
97.036362
97.036362
97.036362
97.036362
97.990036
97.990036
97.990036
97.990036
97.990036
97.990036
97.990036
97.990036
97.990036
97.990036
97.990036
97.990036
97.990036
97.990036
97.990036
97.990036
97.990036
97.990036
97.990036
97.990036
97.990036
97.990036
97.990036
97.990036
97.990036
97.990036
97.990036
97.990036
97.990036
97.990036
97.990036
97.990036
97.990036
97.990036
97.990036
97.990036
97.990036
97.990036
97.990036
97.990036
97.990036
97.990036
98.228455
98.943710
98.943710
98.943710
98.943710
98.943710
98.943710
98.943710
98.943710
98.943710
98.943710
98.943710
98.943710
98.943710
98.943710
98.943710
98.943710
98.943710
98.943710
98.943710
98.943710
98.943710
98.943710
98.943710
98.943710
98.943710
98.943710
98.943710
98.943710
98.943710
98.943710
99.182129
99.182129
99.182129
99.182129
99.182129
99.182129
99.182129
99.182129
99.182129
99.182129
99.182129
99.182129
99.897385
99.897385
99.897385
99.897385
99.897385
99.897385
99.897385
99.897385
99.897385
99.897385
99.897385
99.897385
99.897385
99.897385
99.897385
99.897385
99.897385
99.897385
99.897385
99.897385
99.897385
99.897385
99.897385
100.135803
100.135803
100.135803
100.135803
100.135803
100.135803
100.135803
100.135803
100.135803
100.135803
100.135803
100.135803
100.135803
100.135803
100.135803
100.135803
100.135803
100.135803
100.135803
100.851059
100.851059
100.851059
100.851059
100.851059
100.851059
100.851059
100.851059
100.851059
100.851059
100.851059
100.851059
100.851059
100.851059
100.851059
100.851059
100.851059
100.851059
100.851059
101.089478
101.089478
101.089478
101.089478
101.089478
101.089478
101.089478
101.089478
101.089478
101.089478
101.089478
101.089478
101.089478
101.089478
101.089478
101.089478
101.089478
101.089478
101.089478
101.804733
101.804733
101.804733
101.804733
101.804733
101.804733
102.043152
102.043152
102.043152
102.043152
102.043152
102.043152
102.043152
102.043152
102.043152
102.043152
102.043152
102.043152
102.043152
102.043152
102.043152
102.043152
102.043152
102.043152
102.043152
102.043152
102.043152
102.043152
102.043152
102.043152
102.043152
102.043152
102.996826
102.996826
102.996826
102.996826
102.996826
102.996826
102.996826
102.996826
102.996826
102.996826
102.996826
102.996826
102.996826
102.996826
102.996826
102.996826
102.996826
102.996826
102.996826
102.996826
102.996826
102.996826
102.996826
102.996826
102.996826
102.996826
102.996826
102.996826
102.996826
102.996826
103.950500
103.950500
103.950500
103.950500
103.950500
103.950500
103.950500
103.950500
103.950500
103.950500
103.950500
103.950500
103.950500
103.950500
103.950500
103.950500
103.950500
103.950500
103.950500
103.950500
103.950500
103.950500
104.188919
104.188919
104.188919
104.188919
104.904175
104.904175
104.904175
104.904175
104.904175
104.904175
104.904175
104.904175
104.904175
104.904175
104.904175
104.904175
104.904175
104.904175
104.904175
104.904175
104.904175
104.904175
104.904175
105.142593
105.142593
105.142593
105.142593
105.142593
105.142593
105.142593
105.142593
105.142593
105.142593
105.142593
105.142593
105.857849
105.857849
105.857849
105.857849
105.857849
105.857849
105.857849
105.857849
106.096268
106.096268
106.096268
106.096268
106.096268
106.096268
106.096268
106.096268
106.096268
106.096268
106.096268
106.096268
106.096268
106.096268
106.811523
106.811523
106.811523
106.811523
106.811523
107.049942
107.049942
107.049942
107.049942
107.049942
107.049942
107.049942
107.049942
107.049942
107.049942
107.049942
107.049942
107.049942
107.049942
107.049942
107.049942
107.049942
107.049942
107.049942
107.049942
107.049942
107.049942
107.049942
107.049942
107.049942
107.049942
107.049942
108.003616
108.003616
108.003616
108.003616
108.003616
108.003616
108.003616
108.003616
108.003616
108.003616
108.003616
108.003616
108.003616
108.003616
108.003616
108.003616
108.003616
108.003616
108.003616
108.003616
108.003616
108.003616
108.003616
108.003616
108.003616
108.003616
108.003616
108.003616
108.003616
108.957291
108.957291
108.957291
108.957291
108.957291
108.957291
108.957291
108.957291
108.957291
108.957291
108.957291
108.957291
108.957291
108.957291
108.957291
108.957291
108.957291
108.957291
108.957291
108.957291
108.957291
108.957291
108.957291
108.957291
108.957291
108.957291
108.957291
109.195709
109.195709
109.195709
109.195709
109.195709
109.195709
109.910965
109.910965
109.910965
109.910965
109.910965
109.910965
109.910965
109.910965
109.910965
109.910965
109.910965
109.910965
109.910965
109.910965
109.910965
109.910965
109.910965
109.910965
110.149384
110.149384
110.149384
110.149384
110.149384
110.149384
110.149384
110.149384
110.149384
110.149384
110.149384
110.149384
110.864639
110.864639
110.864639
110.864639
110.864639
110.864639
110.864639
110.864639
110.864639
110.864639
110.864639
110.864639
110.864639
111.103058
111.103058
111.103058
111.103058
111.103058
111.103058
111.103058
111.103058
111.103058
111.103058
111.103058
111.103058
111.818314
112.056732
112.056732
112.056732
112.056732
112.056732
112.056732
112.056732
112.056732
112.056732
112.056732
112.056732
112.056732
112.056732
112.056732
112.056732
112.056732
112.056732
112.056732
112.056732
112.056732
112.056732
113.010406
113.010406
113.010406
113.010406
113.010406
113.010406
113.010406
113.010406
113.010406
113.010406
113.010406
113.010406
113.010406
113.010406
113.010406
113.010406
113.010406
113.010406
113.010406
113.964081
113.964081
113.964081
113.964081
113.964081
113.964081
113.964081
113.964081
113.964081
113.964081
113.964081
113.964081
113.964081
113.964081
113.964081
113.964081
113.964081
113.964081
113.964081
113.964081
113.964081
114.202499
114.202499
114.202499
114.202499
114.917755
114.917755
114.917755
114.917755
114.917755
114.917755
114.917755
114.917755
114.917755
114.917755
114.917755
114.917755
114.917755
114.917755
114.917755
115.156174
115.156174
115.156174
115.156174
115.156174
115.156174
115.156174
115.156174
115.871429
115.871429
115.871429
115.871429
115.871429
115.871429
115.871429
115.871429
115.871429
115.871429
115.871429
115.871429
115.871429
115.871429
116.109848
116.109848
116.109848
116.109848
116.109848
116.109848
116.109848
116.109848
116.109848
116.825104
116.825104
116.825104
116.825104
116.825104
116.825104
116.825104
116.825104
116.825104
116.825104
116.825104
116.825104
117.063522
117.063522
117.063522
117.063522
117.063522
117.063522
117.063522
117.063522
117.778778
117.778778
117.778778
118.017197
118.017197
118.017197
118.017197
118.017197
118.017197
118.017197
118.017197
118.017197
118.017197
118.017197
118.017197
118.017197
118.017197
118.970871
118.970871
118.970871
118.970871
118.970871
118.970871
118.970871
118.970871
118.970871
118.970871
118.970871
118.970871
118.970871
118.970871
118.970871
118.970871
118.970871
118.970871
118.970871
119.209290
119.209290
119.209290
119.209290
119.209290
119.924545
119.924545
119.924545
119.924545
119.924545
119.924545
119.924545
119.924545
119.924545
119.924545
119.924545
119.924545
119.924545
119.924545
119.924545
119.924545
120.162964
120.162964
120.162964
120.162964
120.162964
120.878220
120.878220
120.878220
120.878220
120.878220
120.878220
120.878220
120.878220
120.878220
120.878220
120.878220
121.116638
121.116638
121.116638
121.116638
121.116638
121.116638
121.831894
121.831894
121.831894
121.831894
121.831894
121.831894
121.831894
121.831894
121.831894
122.070312
122.070312
122.070312
122.070312
122.070312
122.070312
122.070312
122.070312
122.070312
122.070312
122.070312
122.070312
122.070312
122.070312
122.785568
123.023987
123.023987
123.023987
123.023987
123.023987
123.023987
123.023987
123.023987
123.023987
123.023987
123.023987
123.023987
123.023987
123.023987
123.977661
123.977661
123.977661
123.977661
123.977661
123.977661
123.977661
123.977661
123.977661
123.977661
123.977661
123.977661
123.977661
123.977661
123.977661
123.977661
123.977661
123.977661
123.977661
123.977661
123.977661
123.977661
124.216080
124.216080
124.931335
124.931335
124.931335
124.931335
124.931335
124.931335
124.931335
124.931335
124.931335
124.931335
124.931335
124.931335
124.931335
125.169754
125.169754
125.169754
125.169754
125.885010
125.885010
125.885010
125.885010
125.885010
125.885010
125.885010
125.885010
125.885010
125.885010
125.885010
126.123428
126.123428
126.123428
126.123428
126.123428
126.123428
126.123428
126.123428
126.123428
126.838684
126.838684
126.838684
126.838684
126.838684
127.077103
127.077103
127.077103
127.077103
127.077103
127.077103
127.077103
127.077103
127.077103
127.077103
127.077103
127.077103
127.077103
127.077103
127.077103
127.792358
127.792358
128.030777
128.030777
128.030777
128.030777
128.030777
128.030777
128.030777
128.030777
128.030777
128.030777
128.030777
128.030777
128.030777
128.030777
128.984451
128.984451
128.984451
128.984451
128.984451
128.984451
128.984451
128.984451
128.984451
128.984451
128.984451
128.984451
128.984451
128.984451
128.984451
128.984451
128.984451
128.984451
128.984451
128.984451
128.984451
128.984451
128.984451
128.984451
128.984451
128.984451
128.984451
128.984451
129.222870
129.222870
129.938126
129.938126
129.938126
129.938126
129.938126
129.938126
129.938126
129.938126
129.938126
129.938126
130.176544
130.176544
130.176544
130.176544
130.176544
130.891800
130.891800
130.891800
130.891800
130.891800
130.891800
130.891800
130.891800
131.130219
131.130219
131.130219
131.130219
131.130219
131.845474
131.845474
131.845474
131.845474
131.845474
131.845474
132.083893
132.083893
132.083893
132.083893
132.083893
132.083893
132.083893
132.083893
132.083893
132.083893
132.083893
132.083893
132.083893
132.799149
133.037567
133.037567
133.037567
133.037567
133.037567
133.037567
133.037567
133.037567
133.037567
133.037567
133.037567
133.037567
133.991241
133.991241
133.991241
133.991241
133.991241
133.991241
133.991241
133.991241
133.991241
134.229660
134.944916
134.944916
134.944916
134.944916
134.944916
134.944916
134.944916
134.944916
134.944916
135.183334
135.183334
135.183334
135.898590
135.898590
135.898590
135.898590
135.898590
135.898590
135.898590
135.898590
135.898590
136.137009
136.137009
136.137009
136.137009
136.137009
136.137009
136.852264
136.852264
136.852264
136.852264
137.090683
137.090683
137.090683
137.090683
137.090683
137.090683
137.090683
137.090683
137.090683
137.090683
137.805939
138.044357
138.044357
138.044357
138.998032
138.998032
138.998032
138.998032
138.998032
138.998032
138.998032
138.998032
138.998032
139.951706
139.951706
139.951706
139.951706
139.951706
139.951706
139.951706
139.951706
139.951706
140.190125
140.905380
140.905380
140.905380
140.905380
140.905380
140.905380
141.143799
141.143799
141.143799
141.143799
141.143799
141.143799
141.859055
141.859055
141.859055
141.859055
141.859055
141.859055
142.097473
142.097473
142.097473
142.097473
142.097473
142.097473
142.812729
143.051147
143.051147
143.051147
143.051147
143.051147
143.051147
143.051147
143.051147
144.004822
144.004822
144.004822
144.004822
144.004822
144.004822
144.004822
144.004822
144.004822
144.004822
144.004822
144.004822
144.958496
144.958496
144.958496
144.958496
144.958496
144.958496
145.196915
145.196915
145.912170
145.912170
145.912170
145.912170
145.912170
145.912170
145.912170
145.912170
145.912170
146.150589
146.865845
146.865845
147.104263
147.104263
147.104263
147.104263
147.104263
147.104263
147.104263
147.104263
147.819519
147.819519
147.819519
148.057938
148.057938
148.057938
148.057938
148.057938
148.057938
148.057938
148.057938
148.773193
149.011612
149.011612
149.011612
149.011612
149.011612
149.011612
149.011612
149.011612
149.011612
149.011612
149.011612
149.965286
149.965286
149.965286
149.965286
149.965286
150.918961
150.918961
150.918961
150.918961
150.918961
151.157379
151.157379
151.157379
151.157379
151.157379
151.157379
151.872635
151.872635
151.872635
151.872635
152.111053
152.111053
152.826309
152.826309
153.064728
153.064728
153.064728
153.064728
153.064728
153.064728
153.064728
153.064728
153.064728
154.018402
154.018402
154.018402
154.018402
154.018402
154.018402
154.972076
154.972076
154.972076
154.972076
154.972076
154.972076
154.972076
155.210495
155.210495
155.925751
155.925751
155.925751
155.925751
155.925751
156.879425
156.879425
156.879425
157.117844
157.117844
157.117844
157.833099
158.071518
158.071518
158.071518
158.071518
158.071518
158.071518
158.071518
159.025192
159.025192
159.025192
159.025192
159.025192
159.978867
159.978867
159.978867
159.978867
159.978867
159.978867
160.932541
160.932541
160.932541
160.932541
160.932541
160.932541
160.932541
161.170959
161.170959
161.886215
161.886215
161.886215
161.886215
161.886215
161.886215
161.886215
161.886215
162.124634
162.124634
162.124634
162.124634
162.839890
163.078308
163.078308
163.078308
163.078308
163.078308
164.031982
164.031982
164.031982
164.031982
164.031982
164.031982
164.031982
164.031982
164.031982
164.985657
164.985657
164.985657
164.985657
164.985657
164.985657
164.985657
164.985657
164.985657
164.985657
164.985657
164.985657
165.939331
165.939331
165.939331
165.939331
165.939331
166.893005
166.893005
166.893005
167.131424
167.131424
167.131424
167.131424
167.846680
167.846680
168.085098
168.085098
169.038773
169.038773
169.038773
169.038773
169.038773
169.038773
169.038773
169.038773
169.992447
169.992447
169.992447
169.992447
169.992447
170.946121
170.946121
171.899796
171.899796
171.899796
171.899796
172.138214
172.138214
172.853470
172.853470
172.853470
173.091888
173.091888
173.091888
173.807144
173.807144
174.045563
174.045563
174.045563
174.999237
174.999237
174.999237
174.999237
174.999237
174.999237
174.999237
174.999237
174.999237
175.952911
175.952911
175.952911
175.952911
175.952911
175.952911
176.906586
176.906586
176.906586
177.145004
177.145004
177.145004
177.860260
178.813934
179.052353
179.052353
179.052353
180.006027
180.006027
180.006027
180.006027
180.959702
180.959702
180.959702
181.913376
181.913376
181.913376
181.913376
181.913376
182.151794
183.105469
183.105469
183.105469
183.820724
183.820724
183.820724
183.820724
184.059143
185.012817
185.012817
185.012817
185.012817
185.966492
187.158585
188.112259
188.112259
188.827515
188.827515
188.827515
188.827515
189.065933
190.019608
190.019608
190.973282
190.973282
191.211700
191.926956
191.926956
191.926956
191.926956
192.165375
192.165375
192.880630
193.834305
193.834305
194.072723
194.072723
194.072723
194.072723
194.072723
194.072723
194.787979
195.026398
195.026398
195.026398
196.933746
196.933746
198.125839
198.125839
198.841095
199.079514
199.079514
199.794769
200.033188
200.033188
200.033188
200.986862
200.986862
201.940536
201.940536
201.940536
201.940536
202.178955
202.894211
203.132629
203.132629
203.847885
204.086304
205.039978
205.039978
205.993652
206.947327
207.901001
209.093094
210.046768
210.046768
211.954117
212.907791
212.907791
212.907791
213.861465
215.053558
216.007233
217.914581
218.868256
218.868256
219.106674
219.821930
220.060349
220.060349
220.060349
221.014023
221.014023
221.014023
221.014023
221.967697
222.206116
222.921371
223.159790
223.159790
223.159790
223.159790
224.113464
224.828720
225.067139
226.020813
226.020813
226.974487
226.974487
227.928162
228.166580
228.881836
229.835510
229.835510
231.027603
231.981277
231.981277
231.981277
231.981277
231.981277
233.173370
233.888626
233.888626
233.888626
234.127045
234.842300
235.080719
235.080719
236.034393
236.034393
236.034393
236.034393
236.034393
236.988068
236.988068
236.988068
237.941742
237.941742
237.941742
239.849091
239.849091
240.087509
240.802765
241.041183
241.041183
241.041183
241.994858
241.994858
242.948532
242.948532
242.948532
243.186951
243.902206
243.902206
243.902206
244.140625
244.855881
245.809555
245.809555
246.047974
246.047974
246.047974
247.001648
247.955322
247.955322
247.955322
247.955322
248.193741
248.193741
248.908997
249.147415
249.862671
250.101089
250.816345
252.008438
252.962112
252.962112
253.915787
253.915787
255.107880
255.107880
255.823135
255.823135
256.061554
257.015228
257.015228
257.015228
257.015228
257.968903
257.968903
259.160995
259.160995
259.160995
259.876251
259.876251
259.876251
260.114670
260.114670
261.068344
261.068344
262.022018
263.929367
264.883041
265.121460
266.075134
267.028809
267.028809
267.982483
268.220901
268.936157
269.174576
273.942947
274.896622
276.088715
277.042389
278.949738
279.903412
281.095505
282.049179
284.194946
285.863876
290.155411
291.109085
291.109085
291.824341
303.983688
390.052795
428.915024
473.976135
620.126724
124078.989029
126091.957092
135386.943817
137361.049652
