17.6697
17.67
17.6722
17.6762
17.6767
17.6768
17.6778
17.6779
17.6786
17.6794
17.6873
17.6882
17.6939
17.6949
17.6965
17.6966
17.6989
17.6992
17.7005
17.7052
17.709
17.7119
17.7197
17.72
17.7212
17.7244
17.7248
17.7416
17.7506
17.7522
17.7532
17.7553
17.7572
17.7717
17.7786
17.782
17.7877
17.7903
17.7909
17.8026
17.8032
17.8124
17.8416
17.9002
17.9465
17.9477
17.9583
17.981
18.0127
18.0133
18.0336
18.1087
18.1899
18.2376
18.2781
18.2887
18.3114
18.3575
18.3694
18.4165
18.4582
18.4886
18.4917
18.4952
18.5154
18.5275
18.5446
18.5851
18.6207
18.621
18.6233
18.625
18.6252
18.6292
18.6302
18.6304
18.6356
18.6383
18.6388
18.6391
18.6423
18.6442
18.6464
18.6573
18.6642
18.6806
18.692
18.7081
18.7166
18.7178
18.721
18.7445
18.7453
18.7589
18.7692
18.7745
18.8921
19.1256
19.1432
19.2139
