18.6199
18.6204
18.6209
18.6248
18.6254
18.6263
18.6283
18.6294
18.6306
18.6316
18.6321
18.6338
18.6596
18.6633
18.6669
18.6746
18.6867
18.7032
18.7113
18.7195
18.7248
18.7362
18.737
18.7443
18.7572
18.8443
18.8583
18.8837
18.9013
18.9066
18.9173
18.9996
19.0209
19.0985
19.0987
19.0997
19.1001
19.1034
19.1059
19.1076
19.1236
19.1364
19.1381
19.2977
19.32
19.3254
19.3992
19.4126
19.4234
19.5341
19.5503
19.5809
19.582
19.5841
19.5987
19.5996
19.6015
19.606
19.6073
19.6079
19.6142
19.6327
19.6455
19.6605
19.6708
19.6775
19.6862
19.6864
19.6961
19.7047
19.7087
19.7667
19.7884
19.8383
19.894
19.9153
19.9681
20.0516
20.073
20.078
20.0834
20.0841
20.0901
20.0909
20.092
20.2972
20.3863
20.39
20.5288
20.5298
20.5411
20.542
20.5578
20.5697
20.6456
21.0088
21.0389
21.0516
21.0829
21.1094
